GD006Rg_1 3.0000 32.0000 -8.0000
GD006Rg_2 8.0000 32.0000 -8.0000
GD030Ro1 4.0000 32.0000 -16.5000
GD030Ro2 8.0000 33.0000 -17.0000
MD050LCa1 -10.0000 38.0000 20.0000
MD053RCa1 9.0000 35.0000 18.0000
MD053RCa2 13.0000 35.0000 19.0000
MM054LOF1 -12.0000 28.0000 -12.0000
MM054LCa1 -9.0000 36.0000 9.0000
MM056LOF1 -4.0000 36.0000 -9.0000
MM056LOF2 -9.0000 37.0000 -11.0000
MM056LCa1 -7.0000 35.0000 19.0000
MM056RCa1 7.0000 34.0000 18.0000
MM056RCa2 12.0000 33.0000 19.0000
MM058LCa1 -11.0000 35.0000 4.0000
MM058RCa2 10.0000 37.0000 1.5000
MM058RCa3 13.0000 39.0000 3.5000
MD060LSMAa1 -5.0000 29.0000 25.0000
MM063ROF1 7.0000 31.0000 -7.5000
MM066LCa1 -11.5000 29.0000 16.0000
MD071LAC1 -4.0000 27.0000 21.0000
MM076LOF1 -13.0000 24.0000 -5.5000
MM076LOF2 -19.0000 24.0000 -4.5000
MM078LOF3 -14.5000 33.5000 -15.5000
MM078LCa2 -12.5000 36.0000 14.0000
MD081LOF1 -10.0000 27.0000 -14.0000
MD081LCa1 -15.0000 42.0000 7.0000
MD081LCa2 -18.0000 42.0000 10.0000
MM082LOF1 -8.0000 41.0000 -3.0000
MM082LOF2 -16.0000 41.0000 -3.0000
NA106RF61 9.0000 28.0714 -11.4643
