GD042Rs1 12.0000 -69.0000 15.0000
GD048Ls_1 -6.0000 -67.0000 14.0000
GD048Ls_2 -10.0000 -67.0000 16.0000
GD049Rw02 9.0000 -64.0000 14.0000
GD049Rw03 12.0000 -62.0000 14.0000
GD049Rw04 17.0000 -63.0000 14.0000
MM083ROs1 13.0000 -75.0000 24.0000
MM083ROs2 18.0000 -76.0000 24.0000
MM083ROs3 24.0000 -76.0000 26.0000
MM085LPCu1 -5.5000 -85.5000 18.0000
NA101RI124 5.5000 -77.3333 30.0833
NG108LG918 1.6667 -84.9444 28.4722
NG108LG919 3.6667 -80.9444 43.9722
NA108LIS12 0.6364 -96.8636 24.5227
NA108LIS13 1.3636 -96.8636 40.5227
NA108LII11 0.8333 -87.3444 7.0222
NA108LII12 0.7500 -85.4000 17.3000
NA108LII13 0.7500 -82.9167 28.1667
NA108LII14 1.7500 -80.9167 41.5417
