GD005Ly_6 -33.0000 -14.0000 4.0000
GD005Ly_7 -32.0000 -16.0000 7.0000
GD005Ly_8 -32.0000 -18.5000 12.0000
GD005Lu_4 -49.0000 -23.0000 10.0000
GD005Lu_5 -54.0000 -23.0000 10.0000
GD007Rs2 35.0000 -27.0000 23.0000
GD007Rs3 38.0000 -27.0000 23.0000
GD007Rs4 42.0000 -27.0000 23.5000
GD007Rs5 47.0000 -27.0000 24.0000
GD010Rs1 42.0000 -24.0000 22.0000
GD010Rs2 46.0000 -25.0000 22.0000
GD014Rv12 50.0000 -29.0000 24.0000
GD025Ls_1 -35.0000 -30.0000 22.0000
GD025Ls_2 -39.0000 -29.0000 22.0000
GD025Ls_3 -42.0000 -29.0000 21.0000
GD025Ls_4 -45.0000 -29.0000 21.0000
GD025Ls_5 -48.0000 -29.0000 21.0000
GD025Ls_6 -53.0000 -29.0000 21.0000
GD029Rv12 48.0000 -35.0000 26.0000
GD029Rv13 53.0000 -35.0000 26.0000
GD029Rs1 35.0000 -22.0000 15.0000
GD029Rs2 39.0000 -22.0000 16.0000
GD029Rs4 46.0000 -23.0000 17.0000
GD029Rs5 49.0000 -23.0000 17.0000
GD029Rs6 52.0000 -22.0000 17.0000
GD029Rs7 56.0000 -22.0000 18.0000
GD030Ry10 39.0000 -20.0000 15.0000
GD041Ls_1 -37.0000 -28.0000 16.0000
GD041Ls_2 -41.0000 -27.0000 18.0000
GD041Ls_3 -46.0000 -28.0000 19.0000
GD041Ls_6 -57.0000 -28.0000 18.0000
GD041Ls_7 -62.0000 -28.0000 18.0000
GD044Ls_6 -52.0000 -30.0000 16.0000
GD044Ls_7 -58.0000 -30.0000 17.5000
MM078LIp3 -31.0000 -26.0000 21.0000
MD079RPC10 41.5000 -30.0000 26.0000
MD079RPC11 46.0000 -29.0000 27.0000
MD079RPC12 49.0000 -29.0000 28.0000
MD079RPC13 55.0000 -30.0000 28.0000
MD079RPC14 58.0000 -29.0000 27.0000
MD079RIP1 37.0000 -39.0000 16.0000
