GD036LO_10 -41.0000 -75.0000 2.0000
GD036LO_11 -45.0000 -75.0000 2.0000
GD036LO_12 -49.0000 -76.0000 1.0000
GD036LO_13 -55.0000 -76.0000 0.0000
GD042Ro8 43.0000 -68.0000 0.0000
GD047Lo_10 -36.0000 -82.0000 3.0000
MD055ROi5 34.0000 -83.0000 1.0000
MD055ROi6 37.0000 -82.0000 1.0000
MD055ROi7 41.0000 -82.0000 2.0000
MD065LOi8 -33.0000 -82.0000 4.0000
MD065LOi9 -37.0000 -82.0000 4.0000
MD065LOi10 -40.0000 -82.0000 4.0000
MD065LOi11 -43.0000 -82.0000 4.0000
MM083ROi6 36.0000 -76.0000 5.0000
MM083ROi7 41.0000 -75.0000 6.0000
MM087LOi2 -18.0000 -95.0000 -7.0000
MM087LOi3 -24.0000 -96.0000 -5.0000
NG099RT43 44.2121 -69.9924 -7.9697
NG100RT62 46.8387 -81.5690 -15.5226
NG100RT63 54.8387 -74.0338 -13.7035
NA106LH19 36.8750 -75.5000 2.2500
NA108LIS11 2.2000 -97.5000 8.9500
NG109RG41 57.6071 -68.5893 0.5714
