MD050ROF8 36.0000 25.0000 -5.0000
MM054LOF5 -34.0000 33.0000 -4.0000
MM054LOF6 -39.0000 36.0000 -2.0000
MM056ROF5 30.0000 30.0000 -12.0000
MM056ROF6 34.5000 30.0000 -9.0000
MM056ROF7 39.0000 31.0000 -7.0000
MM063ROF6 35.0000 37.0000 -5.0000
MM063ROF7 40.0000 39.0000 -4.0000
MD069LOF7 -28.0000 29.0000 -5.5000
MD069LOF8 -31.0000 30.0000 -3.0000
MD069LOF9 -35.0000 31.0000 -1.0000
MD072LOF9 -42.0000 36.0000 -13.0000
MD075ROF9 42.0000 30.0000 -10.0000
MD075ROF10 45.0000 31.0000 -8.0000
MD075LOF10 -45.0000 29.0000 -3.0000
MD084LOF9 -39.0000 36.0000 -10.0000
MD088ROF8 34.0000 35.0000 -13.0000
NG092RG226 43.5000 31.5652 -11.7826
NG100RF25 47.5000 28.5850 -13.7500
