GD008Lf_1 -5.0000 35.0000 31.0000
GD008Lf_2 -8.0000 34.0000 31.0000
GD008Lf_3 -12.0000 35.0000 28.0000
GD020Re1 0.0000 46.0000 29.0000
GD020Re2 4.0000 46.0000 29.0000
MD053RSMAa1 8.0000 35.0000 31.0000
MD053RSMAa2 9.0000 35.0000 35.0000
MD060LSMAa2 -6.0000 28.0000 29.0000
MD060LSMAa3 -6.0000 29.0000 33.0000
MD060LSMAa4 -6.0000 29.0000 37.0000
MD060LSMAa5 -7.0000 29.0000 40.5000
MD060LSMAa6 -7.0000 29.0000 45.0000
MD060RSMAa2 11.0000 31.0000 22.0000
MD060RSMAa3 11.0000 31.0000 27.0000
NA094RI25 8.0000 57.2582 35.7909
NA094RI42 6.0000 38.0200 39.3000
