GD006Rq5 47.0000 24.0000 4.0000
GD006Rq6 50.0000 24.0000 4.0000
GD006Rq7 54.0000 25.0000 4.0000
GD008Lq_5 -52.0000 30.0000 7.0000
GD018Lq_03 -41.0000 34.0000 10.0000
GD018Lq_04 -45.0000 33.0000 11.0000
GD018Lq_05 -49.0000 33.0000 12.0000
GD018Lq_06 -52.0000 32.0000 13.0000
MM054LOF7 -44.0000 37.0000 -1.0000
MM054LOF8 -47.5000 39.0000 2.0000
MM063ROF8 46.0000 40.0000 -3.0000
MM066LCa7 -47.0000 27.0000 18.0000
MD067LOF11 -40.0000 39.0000 3.0000
MD067LOF12 -42.0000 40.0000 7.0000
MD067LOF13 -45.0000 40.0000 8.0000
MD071LOF14 -47.0000 42.0000 -8.0000
MD072LCa8 -39.0000 41.5000 3.5000
MD072LCa9 -42.0000 41.5000 3.5000
MD072RCa8 34.0000 40.0000 5.0000
MD072RCa9 37.0000 41.0000 6.5000
MD075ROF12 53.0000 32.0000 -6.5000
MD075ROF13 57.0000 34.0000 -6.0000
MM076LOF8 -53.0000 28.0000 0.0000
MM082LOF6 -42.0000 39.0000 -1.0000
MM082LOF7 -45.0000 38.0000 0.0000
MM082LOF8 -51.0000 39.0000 1.0000
NG094LF11 50.7667 28.6833 -11.5500
NG094LF12 49.2083 38.3958 -5.8125
NG099RG210 51.5217 29.3163 7.4152
NG099RG218 54.5000 29.4280 18.4223
NG100RG17 54.0000 38.8800 2.4000
NG100RG18 56.4792 32.0025 4.0333
NG100RG19 57.9792 24.5625 4.7333
NG100RG27 59.0000 26.5899 19.6917
NG102LG135 55.0000 24.5833 0.7500
NG103LG133 41.8500 44.6333 4.4667
NG103LG134 42.5000 34.5000 12.0000
NG103LG135 44.0625 24.8542 19.2083
NG103LG141 42.6667 38.6250 -6.5000
NG103LG142 45.7500 28.8750 1.2500
NG106RF24 52.8651 42.7222 6.8413
NG107LF13 50.1667 40.9444 -7.7222
NG107LF14 53.5000 30.6250 -3.1250
NG107LF15 55.7500 21.6250 -0.6250
NG109RG226 53.2857 27.9643 3.9643
NG109RG234 55.6190 33.4643 16.4524
NG110RG612 54.0000 22.2500 6.2500
