GD003Lt_4 -51.0000 7.0000 0.0000
GD003Lt_5 -56.0000 7.0000 0.0000
GD004Rt1 38.0000 -15.0000 -4.0000
GD004Rt2 41.0000 -13.0000 -4.0000
GD004Rt3 46.0000 -13.0000 -3.0000
GD004Lt_1 -42.0000 -21.0000 1.0000
GD004Lt_2 -46.0000 -21.0000 -1.0000
GD005Lw_1 -43.0000 -2.0000 -7.0000
GD005Lw_2 -47.0000 -2.0000 -5.0000
GD005Lw_3 -50.0000 -3.0000 -4.0000
GD005Lw_4 -54.0000 -3.0000 -4.0000
GD006Rs4 49.0000 -1.0000 6.0000
GD006Rs5 53.0000 -1.0000 7.0000
GD006Rs6 57.0000 -1.0000 6.0000
GD007Rr2 41.0000 2.0000 5.0000
GD007Rr3 45.0000 2.0000 6.0000
GD007Rr4 49.0000 3.0000 6.0000
GD007Rr5 53.0000 3.0000 6.0000
GD018Lo_02 -45.5000 19.0000 9.0000
GD018Lo_03 -49.0000 18.0000 8.0000
GD018Lo_04 -52.0000 17.0000 8.0000
GD018Lo_05 -56.0000 17.0000 8.0000
GD020Rq4 38.0000 9.0000 8.0000
GD020Rq5 42.0000 10.0000 9.0000
GD020Rr1 35.0000 0.0000 17.0000
GD020Rr2 39.0000 0.0000 19.0000
GD020Rr3 45.0000 -1.0000 19.0000
GD029Rs3 42.0000 -22.0000 16.0000
GD029Rs8 61.0000 -22.0000 17.0000
GD029Lr_1 -39.0000 -5.0000 18.0000
GD033Rr2 38.0000 6.0000 10.0000
GD033Rr3 41.0000 7.0000 11.0000
GD033Rr4 45.0000 7.0000 11.0000
GD034Lr_1 -31.0000 4.0000 14.0000
GD034Lr_2 -35.0000 5.0000 14.0000
GD034Lr_3 -39.0000 5.0000 15.0000
GD034Lr_4 -43.0000 5.0000 15.0000
GD035Lq_5 -45.0000 4.0000 13.0000
GD037Lr_1 -49.5000 -11.0000 14.0000
GD037Lr_3 -59.0000 -10.0000 15.0000
GD037Lr_4 -62.0000 -11.0000 12.0000
GD038Lr_1 -37.0000 4.0000 13.0000
GD038Lr_2 -41.0000 4.0000 13.0000
GD038Lr_3 -44.0000 3.0000 13.0000
GD038Lr_4 -47.5000 3.0000 12.0000
GD041Lq_7 -56.0000 -3.0000 11.0000
GD041Lr_2 -39.0000 -16.0000 17.0000
GD041Lr_3 -43.0000 -17.0000 18.0000
GD041Lr_4 -48.0000 -17.0000 18.0000
GD041Lr_5 -52.0000 -17.0000 18.0000
GD041Lr_6 -56.0000 -17.0000 17.0000
GD041Lr_7 -60.0000 -18.0000 17.0000
GD041Lr_8 -65.0000 -19.0000 17.0000
GD044Lr_3 -41.0000 -12.0000 14.0000
GD044Lr_4 -45.0000 -13.0000 16.0000
MM063RIi7 43.0000 -10.0000 13.0000
MM063RIi8 42.0000 -14.0000 18.0000
MD074RIm2 44.0000 -1.0000 11.0000
MD074RIm3 47.0000 -1.0000 12.0000
NG091RF25 48.8967 6.2999 22.9285
NG103LG152 50.8571 2.8973 5.7545
NG103LG153 54.7500 -6.0312 12.7188
NG107LT97 63.7500 -16.3333 13.1667
