GD005Lv_9 -37.0000 -51.0000 26.0000
GD010Rp10 43.0000 -59.0000 22.0000
GD010Rp11 47.0000 -59.0000 22.0000
GD010Rp12 51.0000 -59.0000 21.0000
GD010Rp13 55.0000 -58.0000 22.0000
GD010Rp14 60.0000 -58.0000 24.0000
GD043Rw12 50.0000 -50.0000 20.0000
GD043Rw13 55.0000 -48.0000 20.0000
GD043Rp8 36.0000 -54.0000 43.0000
GD043Rp9 40.0000 -55.0000 43.0000
GD043Rp10 44.0000 -54.0000 43.0000
GD043Rp11 47.0000 -54.0000 42.0000
GD043Rp12 52.0000 -53.0000 42.0000
GD047Lp_08 -34.0000 -56.0000 38.0000
GD047Lp_09 -37.0000 -56.0000 38.0000
GD047Lp_10 -41.0000 -56.0000 37.0000
GD047Lp_11 -46.0000 -56.0000 38.0000
GD047Lp_12 -50.0000 -55.0000 37.0000
GD047Lj_12 -45.0000 -50.0000 22.5000
GD047Lj_13 -49.0000 -49.0000 23.0000
GD047Lj_14 -54.0000 -48.0000 22.0000
GD048Lx_12 -46.0000 -64.0000 35.0000
GD048Lx_13 -51.0000 -64.0000 35.0000
GD049Rw9 34.0000 -62.0000 13.0000
GD049Rw10 40.0000 -62.0000 12.0000
MM059LPC7 -39.0000 -52.0000 49.0000
MM059LPC8 -44.0000 -52.0000 50.0000
MM059LOs6 -33.0000 -69.0000 32.0000
MM059LOs7 -37.0000 -69.0000 33.0000
MM059LOs8 -42.0000 -68.0000 33.0000
MD061RCSMg9 39.0000 -48.0000 40.0000
MD061RCSMg10 42.0000 -49.0000 41.0000
MD061RCSMg11 45.0000 -50.5000 42.0000
MD061RCSMg12 50.0000 -53.0000 44.0000
MD061RCAg9 37.0000 -64.0000 53.0000
MD061RCAg10 42.0000 -64.0000 55.0000
MM063RCp8 48.0000 -50.0000 32.5000
MD065LCp9 -37.0000 -56.0000 27.0000
MM090RL5 37.5000 -60.0000 15.0000
NG092RP21 62.1096 -59.9583 8.1431
NG092RP22 63.2346 -53.3542 20.4139
NG097LT92 43.4643 -71.4732 47.8393
NG097LT93 50.9643 -66.4524 42.5476
NG097LT94 56.0500 -60.5667 37.6333
NG097LT95 61.5143 -52.1857 33.5857
NG106RP21 53.3333 -56.7167 44.3500
NG107LT72 58.2500 -51.3750 45.8750
NG108LG315 54.2917 -48.3750 39.0000
NG108LG514 59.4778 -52.3889 16.9111
NG108LG515 56.9500 -62.0000 17.9250
NG109RG42 58.1071 -65.2143 12.8214
NG109RG43 59.5000 -61.5000 26.5000
NG109RG44 59.4167 -55.7500 37.0833
