GD002Rm1 2.0000 12.0000 55.0000
GD008Lz_1 -2.0000 12.0000 49.0000
GD008Lz_2 -4.0000 14.0000 49.0000
GD008Lz_3 -6.0000 14.0000 51.0000
GD008Lz_4 -7.0000 16.0000 54.0000
GD008Lm_1 -3.0000 17.0000 63.0000
GD008Ln_1 -4.0000 4.0000 64.0000
GD008Ln_2 -7.0000 4.0000 62.0000
GD009Rn01 7.0000 -1.0000 54.0000
GD009Rn02 10.0000 0.0000 56.0000
GD009Rb01 6.0000 -5.0000 42.0000
GD009Rb02 9.0000 -4.0000 43.0000
GD013Lz_1 -5.0000 9.0000 50.0000
GD013Lz_2 -8.0000 11.0000 53.0000
GD016Rb1 3.0000 -8.0000 62.0000
GD018Lm_01 -7.0000 15.0000 46.0000
GD018Lm_02 -10.0000 15.0000 45.5000
GD019Lf_1 -1.0000 18.0000 31.0000
GD020Rf1 0.0000 25.0000 48.0000
GD020Rf2 3.0000 26.0000 48.0000
GD020Rf3 7.0000 25.0000 48.0000
GD020Rm1 2.0000 5.0000 53.0000
GD026Li_1 -4.0000 -15.0000 54.0000
GD026Li_2 -9.0000 -15.0000 52.0000
GD029Rm1 6.0000 -6.0000 61.0000
GD047Lm_02 -9.0000 -16.0000 60.0000
MD052LSMAa2 -11.0000 7.0000 46.0000
MD052LSMAa3 -11.0000 6.0000 50.0000
MD052LSMAa4 -11.0000 5.0000 55.0000
MD052LSMAp3 -10.0000 -9.0000 42.0000
MD052LSMAp4 -11.0000 -11.0000 44.5000
MD052LSMAp5 -11.0000 -12.5000 49.0000
MM057RSMA1 6.0000 -6.0000 50.0000
MM057RSMA2 8.0000 -3.0000 55.0000
MM058LCs3 -16.0000 11.0000 35.0000
MD060LSMAp2 -7.0000 12.0000 39.0000
MD060LSMAp3 -8.0000 12.0000 42.5000
MM066LSMA2 -13.0000 10.0000 43.0000
MD069LCm3 -16.0000 21.0000 30.0000
MD074RSMAp1 7.0000 3.0000 60.0000
MM078LCs2 -16.0000 23.0000 29.0000
MM080LSMAa1 -11.0000 4.0000 44.0000
MM080LSMAa2 -13.5000 4.0000 48.0000
NA094RI62 5.5217 25.6486 45.4529
NA098RP41 2.2500 -8.2500 47.0000
NG110RI101 1.0357 -2.0476 48.3810
NG110RI102 1.5000 4.5000 50.5000
