GD003Lf_1 -25.0000 -50.0000 -8.0000
GD003Lf_2 -28.0000 -50.0000 -8.0000
GD010Ro1 8.0000 -67.0000 -3.0000
GD010Ro2 13.0000 -66.0000 -3.0000
GD025Ld_1 -33.0000 -53.0000 -5.0000
GD030Rf1 24.0000 -47.0000 -12.0000
GD032Ll_1 -26.0000 -58.0000 3.0000
GD036LO_1 -3.0000 -74.0000 3.0000
GD036LO_2 -7.0000 -74.0000 4.0000
GD036LO_3 -12.0000 -74.0000 5.0000
GD039Lf_1 -22.0000 -58.0000 -10.0000
GD042Ro1 14.0000 -72.0000 0.0000
GD045Re1 29.0000 -53.0000 0.0000
GD047Lo_01 0.0000 -81.0000 3.0000
GD047Lf_01 -20.0000 -56.0000 -10.0000
GD047Lf_02 -24.5000 -56.0000 -9.5000
MM057RL1 11.0000 -60.0000 -1.0000
MM057RL2 15.0000 -60.0000 0.0000
MM070LL1 -18.0000 -60.0000 1.0000
MM070LL2 -24.0000 -60.0000 1.0000
MM083ROi1 10.5000 -74.0000 5.5000
NG091RO21 10.5020 -65.7162 4.9781
NG091RO22 18.2276 -65.8814 -6.3365
NG099RT41 26.7894 -79.6424 -7.4667
NG099RT42 36.2667 -74.6652 -8.5576
NG100RT61 36.5000 -88.9835 -16.8087
NA101RI121 8.9500 -75.4000 -1.4500
NG109LT51 20.9643 -77.0357 -14.2857
NG109LT52 30.5143 -69.4857 -12.2857
