GD002Rt1 36.0000 9.0000 -6.0000
GD002Rt2 39.0000 9.0000 -6.0000
GD002Rt3 43.0000 9.0000 -6.0000
GD002Rt4 46.0000 9.0000 -6.0000
GD006Ry8 37.0000 16.0000 1.0000
GD006Ry9 36.0000 19.0000 5.0000
GD007Rq1 37.0000 9.0000 -7.5000
GD007Rq2 42.0000 8.0000 -7.0000
GD007Rq3 45.0000 9.0000 -6.0000
GD007Rr1 38.0000 3.0000 5.0000
GD007Rx1 37.0000 5.0000 -10.0000
GD007Rx2 40.0000 6.5000 -6.0000
GD007Rx3 40.0000 8.0000 0.0000
GD008Lx_6 -33.0000 21.0000 -1.0000
GD008Lx_7 -32.0000 24.0000 3.0000
GD018Lo_01 -42.0000 19.5000 9.0000
GD018Lx_01 -38.0000 18.0000 -9.0000
GD018Lx_02 -36.0000 20.0000 -6.0000
GD018Lx_03 -34.5000 21.0000 -5.0000
GD018Lx_04 -34.0000 23.0000 -1.0000
GD018Lx_05 -32.0000 25.0000 1.0000
GD020Rq2 30.0000 10.0000 8.0000
GD020Rq3 34.0000 10.0000 8.0000
GD029Lx_1 -33.0000 14.0000 -14.0000
GD029Lx_2 -34.0000 15.0000 -11.0000
GD029Lx_3 -33.0000 16.0000 -8.0000
GD029Lx_4 -32.0000 18.0000 -5.0000
GD029Lx_5 -31.0000 19.0000 -1.0000
GD029Lx_6 -31.0000 21.0000 3.0000
GD029Lq_1 -34.0000 5.0000 7.0000
GD030Rx5 32.0000 15.0000 1.0000
GD030Rx6 31.0000 16.0000 5.0000
GD033Rr1 34.0000 6.0000 9.0000
GD034Lx_1 -34.0000 11.0000 -7.0000
GD034Lx_2 -32.5000 11.0000 -3.0000
GD034Lx_3 -34.0000 11.0000 1.0000
GD034Lx_4 -32.0000 11.0000 4.0000
GD034Lx_5 -31.0000 11.0000 8.0000
GD041Rx1 38.0000 7.0000 -11.0000
GD041Rx2 36.5000 7.0000 -7.0000
GD041Rx3 37.0000 8.0000 -3.0000
GD041Rx4 36.0000 8.0000 0.5000
GD041Rx5 35.0000 9.0000 5.0000
GD041Lq_1 -32.0000 -1.0000 9.0000
GD041Lq_2 -36.0000 -1.0000 10.0000
GD041Lq_3 -41.0000 -2.0000 11.0000
GD049Rx06 33.0000 19.0000 5.0000
GD049Rx07 33.0000 22.0000 10.0000
MD050ROF6 30.0000 24.0000 -10.0000
MD050ROF7 33.0000 24.0000 -7.0000
MD052LIp1 -37.0000 10.0000 -6.0000
MD052LIp2 -36.0000 8.0000 -3.0000
MD052LIp3 -36.0000 7.0000 1.0000
MD052LIp4 -36.0000 5.0000 4.0000
MD052LIp5 -35.0000 4.0000 7.0000
MD052LIp6 -35.0000 2.0000 11.0000
MD052LIp7 -34.0000 0.0000 15.0000
MD060ROF7 28.0000 24.0000 -8.0000
MD060ROF8 31.0000 25.0000 -7.0000
MD060ROF9 34.0000 25.0000 -4.5000
MD074RIm1 40.0000 -1.0000 9.0000
MM076LOF3 -25.0000 25.0000 -3.0000
MM076LOF4 -31.0000 25.0000 -3.0000
MM076LOF5 -37.0000 26.0000 -1.0000
NA098RU62 35.5000 -4.7500 10.0000
NA100RU21 34.4773 13.5309 5.4273
NA100RU22 40.5011 15.6861 0.7749
NA100RU41 35.5000 10.7619 4.9286
NA106RU21 38.0000 0.5000 1.0000
NA106RU22 37.4714 -7.7571 9.8857
NA107LU11 27.1667 16.4167 8.4167
