GD006Rq3 40.0000 24.0000 4.0000
GD006Rq4 43.0000 24.0000 4.0000
GD007Rq4 49.0000 8.0000 -5.0000
GD007Rq5 53.0000 9.0000 -3.0000
GD010Ry7 35.0000 10.0000 14.0000
GD011Rx6 32.0000 19.0000 14.0000
GD018Lq_01 -33.0000 34.0000 9.0000
GD021Lq_01 -39.0000 11.0000 5.0000
GD021Lq_02 -43.0000 11.0000 6.0000
GD021Lq_03 -46.0000 10.0000 7.0000
GD031Lq_1 -32.0000 15.5000 15.0000
GD034Lq_1 -29.0000 14.0000 13.0000
GD034Lq_2 -33.0000 14.0000 13.0000
GD034Lq_3 -38.0000 13.0000 13.0000
GD041Lp_1 -35.0000 19.0000 9.0000
GD041Lp_2 -39.0000 19.0000 9.0000
MD050ROF9 41.0000 26.0000 -4.0000
MM076LOF6 -43.0000 26.0000 -2.0000
MM076LOF7 -48.0000 27.0000 0.5000
MD081LI6 -38.0000 21.0000 7.0000
MD081LI7 -38.0000 23.0000 12.0000
NG092RG227 44.4762 23.2143 -7.0000
NG092RG228 43.9762 12.1893 -0.0500
NA100RU42 41.0227 12.1169 2.8398
NG103LG151 46.3571 11.2922 -1.3961
NG106LF17 48.9000 17.3750 -1.8000
NG109RG219 58.4143 11.4857 -0.7143
NG110RG64 48.4643 27.4643 -1.2857
NG110RG65 52.5357 15.0357 -0.2143
