GD001Lc_11 -56.0000 -37.0000 -2.0000
GD001Lc_12 -60.0000 -37.0000 -4.0000
GD001Lc_13 -63.0000 -37.0000 -2.0000
GD001Lc_14 -68.0000 -38.0000 -2.0000
GD008Lb_14 -70.0000 -26.0000 -17.0000
GD025Ld_6 -50.0000 -54.0000 -5.0000
GD025Ld_7 -54.0000 -54.0000 -6.0000
GD025Ld_8 -59.0000 -55.0000 -6.0000
GD030Re10 59.0000 -17.0000 -26.0000
GD032Ld_3 -40.0000 -59.0000 8.0000
GD040Rc07 60.0000 -27.0000 -13.0000
GD040Rc08 64.0000 -28.0000 -14.0000
GD040Rc09 68.0000 -28.0000 -14.0000
GD045Re6 48.0000 -52.0000 -4.0000
GD045Re7 51.0000 -52.0000 -5.0000
GD045Re8 54.0000 -51.0000 -4.5000
GD045Re9 59.0000 -50.0000 -4.0000
GD047Ll_12 -49.0000 -64.5000 5.0000
GD047Ll_13 -52.0000 -64.0000 4.0000
GD049Rd06 58.0000 -46.0000 0.0000
GD049Rd07 63.0000 -46.0000 0.0000
MD050RH8 57.0000 -12.0000 -25.0000
MD050RH9 61.0000 -12.0000 -25.0000
MM054LHp6 -59.0000 -48.0000 -8.0000
MM054LHp7 -64.0000 -50.0000 -7.0000
MM059LH3 -42.0000 -35.0000 -3.0000
MM059LH4 -47.0000 -35.0000 -4.0000
MM059LH5 -52.0000 -35.0000 -2.0000
MM059LH6 -58.0000 -35.0000 -3.5000
MM059LH7 -63.0000 -35.0000 -4.0000
MM059LH8 -69.0000 -35.0000 -6.0000
MD065LFug7 -54.0000 -33.0000 -16.0000
MD065LFug8 -58.0000 -33.0000 -16.0000
MD065LFug9 -62.0000 -34.0000 -16.0000
MD069LH7 -51.0000 -21.0000 -17.0000
MD069RH8 67.0000 -15.0000 -28.0000
MM070LL6 -44.5000 -62.5000 -2.0000
MM070LL7 -49.0000 -62.0000 -2.5000
MM073LA4 -43.0000 -2.0000 -27.0000
MM073LA5 -48.0000 -1.0000 -28.0000
MM073LA6 -55.0000 0.0000 -29.0000
MM073LA7 -60.5000 -1.0000 -29.0000
MM073LA8 -66.5000 -1.0000 -30.0000
MM073LH5 -61.5000 -18.5000 -27.5000
MM073LH6 -67.5000 -18.0000 -31.0000
MM073LHp5 -53.0000 -41.0000 -9.0000
MM073LHp6 -58.0000 -42.0000 -9.0000
MD074RA6 52.0000 -1.0000 -24.0000
MD074RA7 56.0000 0.0000 -24.0000
MD074RA8 60.0000 1.0000 -23.0000
MD075RHp9 68.0000 -26.0000 -15.0000
MD075LA9 -53.0000 -7.0000 -28.0000
MD075LH8 -57.0000 -16.0000 -23.0000
MD075LH9 -60.0000 -16.0000 -24.0000
MM077LA5 -47.0000 -7.0000 -22.0000
MM077LA6 -53.0000 -6.0000 -22.0000
MM077LA7 -57.0000 -4.0000 -24.0000
MM077LH6 -49.5000 -14.5000 -16.5000
MM077LH7 -56.0000 -13.0000 -19.0000
MM077LHp5 -50.0000 -35.0000 -7.0000
MM077LHp6 -56.0000 -36.0000 -7.5000
MM077LHp7 -62.0000 -38.0000 -9.0000
MM078LH5 -48.0000 -12.0000 -18.0000
MM078LH6 -54.0000 -12.0000 -18.0000
MM078LH7 -58.0000 -12.0000 -18.0000
MM078LH8 -63.0000 -12.0000 -19.0000
MM082LA6 -49.0000 -4.0000 -25.0000
MM082LA7 -54.5000 -3.0000 -23.0000
MM082LA8 -60.0000 -4.0000 -24.0000
MM082LH4 -52.0000 -16.0000 -18.0000
MM082LH5 -57.0000 -16.0000 -18.0000
MM082LH6 -63.0000 -16.0000 -17.0000
MM082LH7 -68.0000 -16.0000 -18.0000
MM082LHp5 -56.0000 -29.0000 -15.0000
MM082LHp6 -61.0000 -30.0000 -13.0000
MM082LHp7 -68.0000 -30.0000 -14.0000
MD088LA6 -45.0000 0.0000 -27.0000
MD088LA7 -49.0000 0.0000 -27.0000
MD088LA8 -53.0000 0.0000 -29.0000
MD088RHa6 51.0000 -24.0000 -20.5000
MD088RHa7 54.0000 -22.0000 -23.0000
MD088RHa8 57.0000 -21.0000 -23.0000
MD088RHa9 60.0000 -21.0000 -23.0000
MD088RHp6 50.0000 -34.0000 -7.0000
MD088RHp7 54.0000 -34.0000 -7.0000
MD088RHp8 58.0000 -34.0000 -7.0000
MD088RHp9 60.0000 -34.0000 -6.0000
MD088RHp10 64.0000 -33.0000 -6.0000
MD089LH7 -51.0000 -14.0000 -17.0000
MD089LHp8 -44.0000 -47.0000 4.5000
MD089LHp9 -46.0000 -50.0000 7.0000
MD089RHp9 44.0000 -61.0000 -1.0000
MM090RHp5 53.0000 -44.0000 -4.0000
MM090RHp6 59.0000 -46.0000 -2.0000
MM090RHp7 65.0000 -49.0000 -3.0000
MM090RHp8 69.0000 -51.0000 1.0000
MM090RT11 49.0000 -40.0000 1.0000
MM090RT12 55.0000 -40.0000 3.0000
MM090RT13 63.0000 -40.0000 2.0000
MM090RT14 69.0000 -40.0000 2.5000
MM090RT21 43.0000 -57.0000 -1.0000
MM090RT22 49.0000 -60.0000 0.0000
MM090RT23 55.0000 -62.0000 -1.0000
MM090RT24 61.0000 -64.0000 -2.0000
NA096LH16 35.7121 -59.1861 12.7056
NG098RT21 57.3000 7.0000 -27.1500
NG098RT22 61.5000 0.0000 -19.7500
NG098RT23 66.3000 -7.5000 -12.9000
NG099RT45 59.5000 -55.4524 1.6190
NA100RH44 60.4615 -16.1177 -8.5692
NG100RT46 71.5227 -22.7295 -21.3818
NG100RT47 71.5000 -13.1750 -12.9000
NG100RT66 73.0250 -45.5850 -6.7750
NG100RT67 73.5000 -34.3677 -3.4923
NG103LT12 50.6696 8.4018 -36.6964
NG103LT13 51.6429 3.5000 -27.8571
NG106LT34 61.2500 -38.2786 -14.5143
NG106RT44 70.4500 -34.2125 -2.9875
NG107LT55 62.7500 -31.3500 -12.3000
NG108LG523 59.1429 -59.2857 5.1786
NG108LG526 65.8214 -16.1000 -11.0857
NG108LG527 66.2214 -25.1500 -10.0357
NG108LG528 66.9000 -33.6500 -9.0000
NG108LG529 66.1000 -41.6500 -8.5000
NG108LG530 63.6833 -49.8167 -8.0000
NG109RG410 58.6667 -52.6667 0.5000
