GD006Rx11 36.0000 50.0000 7.0000
GD006Rx12 36.0000 54.0000 10.0000
GD007Rx10 45.0000 19.0000 27.0000
GD007Rx14 46.0000 25.0000 41.0000
GD008Lf_9 -34.0000 34.0000 26.0000
GD008Lf_12 -44.0000 33.0000 26.0000
GD008Le_5 -42.0000 19.0000 29.0000
GD008Le_6 -45.5000 18.0000 29.0000
GD009Rn08 31.0000 0.0000 56.0000
GD009Rn09 35.0000 0.0000 57.0000
GD009Rn10 40.0000 1.0000 57.0000
GD009Rn11 45.0000 2.0000 57.0000
GD009Re10 32.0000 54.0000 31.0000
GD009Re11 37.0000 55.0000 31.0000
GD009Rb07 27.0000 -3.0000 44.0000
GD009Rb08 30.0000 -3.0000 45.0000
GD009Rb09 34.0000 -3.0000 44.0000
GD011Rx13 21.0000 19.0000 43.0000
GD018Lf_07 -26.5000 41.0000 31.0000
GD018Lf_08 -30.0000 41.0000 32.0000
GD018Lh_12 -46.5000 29.0000 24.0000
GD018Lh_13 -50.0000 29.0000 24.0000
GD019Lx_13 -29.0000 28.0000 20.0000
GD019Lx_14 -28.0000 30.0000 25.0000
GD019Lf_8 -31.0000 15.0000 35.0000
GD019Lf_9 -35.0000 15.0000 35.0000
GD019Lf_10 -39.0000 16.0000 36.0000
GD019Lf_11 -42.0000 16.0000 37.5000
GD019Lg_9 -35.0000 19.0000 14.0000
GD019Lg_10 -40.0000 19.0000 15.0000
GD019Lm_6 -21.0000 -1.0000 33.0000
GD019Lm_7 -25.0000 -1.0000 34.0000
GD019Lm_8 -30.0000 -1.0000 35.0000
GD019Lm_9 -34.0000 -1.0000 36.0000
GD019Lm_10 -38.0000 -1.0000 37.0000
GD019Lm_11 -42.0000 0.0000 37.0000
GD020Rg9 32.0000 33.0000 17.0000
GD020Rg10 36.0000 33.0000 17.0000
GD020Rg11 40.0000 33.0000 17.0000
GD020Rm8 29.0000 2.0000 52.0000
GD020Rm9 34.0000 2.0000 53.0000
GD022Lf_9 -29.0000 42.0000 26.0000
GD022Lz_13 -30.0000 37.0000 18.0000
GD022Lz_14 -28.0000 38.0000 22.0000
GD023Rg12 42.0000 34.0000 22.0000
GD023Rg13 47.0000 34.0000 23.0000
GD023Rf9 31.0000 46.0000 15.0000
GD029Rh9 36.0000 7.0000 28.0000
GD029Rh10 39.0000 7.0000 28.0000
GD030Rx12 27.0000 25.0000 27.0000
GD044Lg_11 -45.0000 13.0000 29.0000
GD044Lg_12 -49.0000 12.0000 30.0000
GD044Lg_13 -55.0000 11.0000 32.0000
GD047Lg_09 -39.0000 8.0000 31.0000
GD049Rx13 31.0000 29.0000 31.0000
GD049Rx14 31.0000 31.0000 36.0000
MD050LCa5 -26.0000 37.0000 30.0000
MD050LCa6 -29.0000 37.0000 32.0000
MD050LCa7 -33.0000 37.0000 35.0000
MD050LCa8 -36.0000 37.0000 38.0000
MD050LCa9 -41.0000 36.0000 38.0000
MD050LCa10 -43.0000 36.0000 41.5000
MD050LCm5 -26.0000 6.0000 45.0000
MD050LCm6 -30.0000 7.0000 48.0000
MD050LCm7 -33.0000 7.0000 50.0000
MD050LCm9 -41.0000 9.0000 55.0000
MD050LCm10 -45.0000 10.0000 58.0000
MD050RCa6 24.0000 41.0000 29.0000
MD050RCa7 27.0000 42.0000 32.0000
MD050RCa8 30.0000 44.0000 35.0000
MD050RCa9 34.0000 45.0000 39.0000
MD050RCm6 26.0000 10.0000 44.0000
MD050RCm7 29.0000 11.0000 45.0000
MD050RCm10 40.0000 14.0000 52.0000
MD050RCm11 44.0000 16.0000 55.0000
MD053RCa8 35.0000 42.0000 31.0000
MD053RCa9 40.0000 43.0000 33.0000
MD053RCp8 37.0000 25.0000 45.0000
MD053RCp9 41.0000 26.0000 47.0000
MD053RCp10 44.0000 28.0000 49.0000
MM054LCa6 -36.5000 35.0000 17.0000
MM054LCa7 -42.0000 35.0000 17.0000
MM054LCa8 -46.0000 34.0000 20.0000
MM056LCm7 -38.0000 15.0000 34.0000
MM056RCa6 33.5000 33.0000 21.0000
MM056RCa7 39.0000 33.0000 21.0000
MM058LCa6 -35.0000 37.0000 17.0000
MM058LCa7 -39.0000 37.0000 20.0000
MM058LCs7 -36.0000 15.0000 37.0000
MM058RCa6 27.0000 42.0000 10.0000
MM058RCa7 31.0000 43.0000 14.0000
MD060RI8 36.0000 19.0000 25.0000
MD060RI11 35.0000 21.0000 34.0000
MD060RI12 34.0000 21.0000 38.0000
MD060RI14 32.0000 23.0000 47.0000
MM066LCa5 -36.0000 27.0000 19.0000
MM066LCa6 -41.0000 27.0000 17.0000
MM066LSMA6 -32.0000 17.0000 58.0000
MM066LSMA7 -37.0000 19.0000 60.0000
MD067LCA8 -31.0000 45.0000 25.0000
MD067LCA9 -35.0000 44.0000 28.0000
MD067LCA10 -38.0000 46.0000 31.0000
MD067LCA11 -42.0000 45.0000 33.0000
MD068RLm8 37.0000 11.0000 38.0000
MD068RLm9 40.0000 11.0000 38.0000
MD068RLm10 45.0000 10.0000 37.0000
MD068RLm11 48.0000 10.0000 36.0000
MD069LCa9 -30.0000 35.0000 24.0000
MD071LFP8 -26.0000 55.0000 6.0000
MD071LFP9 -29.0000 55.0000 9.0000
MD074RCm8 32.0000 -2.5000 44.0000
MD074RSMAa7 29.0000 25.0000 56.0000
MD074RSMAa8 33.0000 24.0000 57.0000
MD074RSMAa9 36.0000 23.0000 57.5000
MD074RSMAp7 30.0000 -1.0000 62.0000
MD074RSMAp8 35.0000 -2.0000 61.0000
MM076LIa7 -38.0000 14.0000 29.0000
MM078LCa6 -34.5000 36.0000 17.5000
MM078LCs5 -32.0000 27.0000 32.0000
MM078LCs6 -36.5000 28.0000 33.5000
MD081LCa7 -37.0000 44.5000 10.0000
MD081LCa8 -40.0000 44.0000 10.0000
MD081LCa9 -44.0000 45.0000 10.0000
MD081LCa10 -47.0000 46.0000 11.0000
MM085LCa4 -32.5000 37.0000 15.0000
MM085LCa5 -39.0000 37.0000 16.0000
MM085LCa6 -44.0000 38.0000 17.0000
NG091RF23 44.4292 14.6349 42.7050
NG091RF24 46.5236 11.3733 31.6901
NG092RG242 42.3333 40.4583 17.1458
NG092RG243 43.0764 30.4352 23.7894
NG092RG244 43.7460 22.0899 30.3042
NG092RG245 45.0238 13.4805 36.7024
NG094LF35 47.0208 24.8759 47.1857
NG094LF36 36.5000 29.6467 55.2274
NG094RF25 33.0508 44.5899 48.5681
NG094RF44 50.3621 20.2192 45.1897
NG094LF53 30.0716 60.6026 4.9049
NG094LF54 37.7421 54.5833 1.7168
NG094LF55 42.5744 47.5192 -1.1689
NG099RG217 51.0000 39.2008 18.9451
NG099RG225 44.0625 40.4345 32.6101
NG099RG226 50.4783 32.2878 31.7650
NG099RG227 53.9783 21.8261 30.9130
NG100RG25 54.0000 41.3500 18.5000
NG100RG26 57.5000 34.4967 18.3326
NG102LG119 51.5000 40.5000 20.2500
NG102LG120 52.0000 32.5000 27.7500
NG102LG121 52.7500 23.8333 34.2500
NG103LG112 26.8500 26.0500 51.8000
NG103LG113 28.9333 16.9667 57.5500
NG103LG117 28.8929 52.7857 26.3214
NG103LG118 29.8929 41.9524 32.4048
NG103LG119 33.0000 32.4167 38.3333
NG103LG120 36.1071 23.0357 43.5714
NG103LG121 37.5000 13.5714 49.6429
NG103LG125 36.5000 49.1250 16.2500
NG103LG126 37.5208 38.6458 23.3750
NG103LG127 39.5476 29.0476 29.0357
NG103LG128 42.0476 19.4643 34.4524
NG103LF15 42.2500 60.3000 -1.9500
NG103LF16 37.0000 65.3333 9.9167
NG106LF34 44.0000 30.8750 37.5000
NG106RF44 34.5972 12.0069 66.9722
NA107LU13 28.0893 20.0714 27.9643
NA107LU14 28.5000 23.1429 39.6429
NG107LF32 39.3750 51.1000 20.5500
NG107LF33 46.6250 42.0000 20.2500
NG107LF34 52.4167 32.0556 20.2222
NG107LP12 49.2500 22.5417 38.7917
NG107LP13 54.5000 16.6667 33.1667
NG109RG242 52.5833 40.5000 27.6667
NG109RG243 53.0500 31.9500 32.5000
