GD005Lx_2 -35.0000 11.0000 -2.0000
GD005Lx_3 -35.0000 12.0000 1.0000
GD011Rq1 32.0000 14.0000 19.0000
GD011Rq2 36.0000 13.0000 22.0000
GD011Rq3 41.0000 14.0000 23.0000
GD011Rq6 51.0000 14.0000 26.0000
GD011Rq7 56.0000 15.0000 28.0000
GD019Lg_11 -44.0000 20.0000 16.0000
GD019Lg_12 -47.0000 20.0000 17.0000
GD019Lg_13 -50.0000 19.0000 17.0000
GD019Lg_14 -55.0000 19.0000 18.0000
GD019Lq_5 -45.0000 11.0000 13.0000
GD019Lq_6 -49.0000 11.0000 13.0000
GD019Lq_7 -53.0000 12.0000 13.0000
GD020Rq6 45.0000 8.0000 9.0000
GD020Rq7 50.0000 10.0000 9.0000
GD022Rg11 44.0000 18.0000 21.0000
GD022Rg12 48.0000 18.0000 21.0000
GD022Rg13 52.0000 18.0000 21.0000
GD034Lq_6 -48.0000 15.0000 13.0000
GD034Lq_7 -52.0000 15.0000 13.0000
GD034Lq_8 -58.0000 15.0000 13.0000
GD034Lr_5 -47.0000 5.0000 14.5000
GD041Lp_6 -52.0000 19.0000 10.0000
GD041Lp_7 -57.0000 18.0000 9.0000
MM076LIa6 -38.0000 11.0000 25.0000
NG098RG21 59.0000 22.2500 22.0000
NG099RG211 53.4979 18.2484 6.5414
NG099RG219 54.7333 18.7530 18.6015
NG100RG20 58.5000 17.4130 7.7478
NG100RG28 60.0000 20.0682 20.8091
NG103LG143 48.9643 19.9643 8.7143
NG103LG144 52.0268 10.5893 15.0268
NG106LF37 49.5000 17.1964 15.7857
NG106RF27 55.7857 21.7143 13.6429
NG107LF16 58.6389 12.1667 1.2778
NG107LF35 56.7917 22.6806 17.7222
NG107LP14 58.5000 9.6667 24.6667
