GD002Rh13 48.0000 -1.0000 36.0000
GD002Rh14 51.0000 -1.0000 36.0000
GD002Rh15 56.0000 0.0000 36.0000
GD003Lt_6 -60.0000 7.0000 0.0000
GD005Lx_4 -36.0000 14.0000 5.0000
GD005Lx_5 -35.0000 17.0000 9.0000
GD007Rr6 56.0000 3.0000 7.0000
GD007Rr7 61.0000 3.0000 8.0000
GD007Rf7 28.5000 -14.0000 39.0000
GD007Rf8 33.0000 -13.0000 39.0000
GD007Rf9 38.0000 -13.0000 40.0000
GD007Rb7 28.0000 -21.0000 62.0000
GD007Rb8 32.0000 -21.0000 62.0000
GD007Rb9 37.0000 -21.0000 62.0000
GD008Lp_5 -17.0000 -15.0000 66.0000
GD009Rj03 14.0000 -18.0000 58.0000
GD009Rj08 30.0000 -18.0000 56.0000
GD009Rj09 34.0000 -17.0000 57.0000
GD009Rj10 38.0000 -17.0000 58.0000
GD009Rj11 42.0000 -16.0000 57.0000
GD009Rb10 37.0000 -3.0000 46.0000
GD009Rb11 41.0000 -2.0000 46.0000
GD009Rb12 45.0000 -1.0000 48.0000
GD013Lr_12 -47.0000 -3.0000 41.0000
GD013Lr_13 -52.0000 -2.0000 43.0000
GD013Lr_14 -58.0000 -2.0000 43.0000
GD016Rj10 40.0000 -22.0000 59.0000
GD016Rb10 38.0000 -9.0000 62.0000
GD016Rb11 43.0000 -8.0000 63.0000
GD018Ln_03 -15.0000 -16.0000 56.0000
GD018Ln_04 -20.0000 -16.0000 57.0000
GD018Ln_05 -24.0000 -16.0000 57.0000
GD018Ln_06 -26.5000 -16.0000 57.5000
GD018Ln_07 -30.0000 -17.0000 59.0000
GD018Ln_08 -34.0000 -17.0000 61.0000
GD018Ln_09 -38.0000 -17.0000 63.0000
GD019Lq_8 -58.0000 11.0000 13.0000
GD019Lm_12 -47.0000 -1.0000 39.0000
GD019Ln_8 -31.0000 -14.0000 39.0000
GD019Ln_9 -36.0000 -14.0000 40.0000
GD019Lb_7 -29.0000 -26.0000 34.0000
GD020Rh11 42.0000 -2.0000 35.0000
GD020Rh12 47.0000 -3.0000 35.0000
GD020Rh13 51.0000 -2.0000 36.5000
GD020Rr6 54.0000 -1.5000 20.0000
GD020Rr7 59.0000 -2.0000 20.0000
GD023Rh12 41.0000 0.0000 34.0000
GD023Rh13 46.0000 0.0000 35.0000
GD026Lr_6 -50.0000 -11.0000 37.0000
GD026Li_8 -31.0000 -14.0000 52.5000
GD026Li_9 -35.0000 -16.0000 52.0000
GD026Li_10 -38.0000 -16.0000 52.0000
GD026Li_11 -42.0000 -16.0000 52.0000
GD026Lm_2 -12.0000 -25.0000 69.0000
GD026Lm_3 -16.0000 -24.0000 69.0000
GD026Lm_6 -27.0000 -25.0000 69.0000
GD026Lm_7 -30.5000 -26.0000 69.0000
GD026Lm_8 -34.0000 -26.0000 66.0000
GD029Rh11 42.0000 7.0000 29.0000
GD029Rh12 46.0000 7.0000 30.0000
GD029Rh13 51.0000 7.0000 30.0000
GD029Rn6 23.0000 -18.0000 58.0000
GD029Rn10 36.0000 -19.0000 59.0000
GD029Rn11 41.0000 -18.0000 59.0000
GD029Lq_5 -49.0000 4.0000 8.0000
GD029Lq_6 -54.0000 4.0000 9.0000
GD029Lq_7 -60.0000 4.0000 9.0000
GD029Lr_4 -49.0000 -5.0000 19.0000
GD029Lr_5 -53.0000 -6.0000 19.0000
GD029Lr_6 -58.0000 -6.0000 19.0000
GD033Rr5 49.0000 7.0000 13.0000
GD033Rr6 54.0000 7.0000 12.0000
GD033Rr7 59.0000 7.0000 12.0000
GD034Lr_6 -50.0000 5.0000 13.0000
GD034Lr_7 -54.0000 6.0000 13.0000
GD034Lr_8 -60.0000 6.0000 13.0000
GD035Lq_8 -57.0000 3.0000 12.0000
GD038Lr_5 -52.0000 3.0000 13.0000
GD044Lq_6 -50.0000 -3.0000 15.0000
GD044Lq_7 -55.0000 -4.0000 16.0000
GD045Rf4 33.5000 -18.0000 44.0000
GD045Rf5 37.0000 -18.0000 45.0000
GD047Lm_08 -34.0000 -15.0000 60.0000
GD047Lm_09 -38.0000 -14.0000 60.0000
GD047Lm_10 -42.0000 -14.0000 60.0000
GD047Lm_11 -46.0000 -14.0000 59.5000
GD047Lg_12 -49.0000 8.5000 31.0000
GD047Lg_13 -53.0000 9.0000 32.0000
MD052LSMAp8 -12.0000 -17.0000 60.0000
MD052LSMAp9 -13.0000 -18.0000 65.0000
MD052LSMAp10 -13.0000 -19.0000 69.0000
MD052LSMAp11 -14.0000 -20.0000 73.0000
MD052LSMAp12 -14.0000 -21.0000 77.0000
MD052LSMAp13 -15.0000 -22.0000 82.0000
MM057RMs2 33.0000 -7.0000 40.0000
MM057RMs3 38.0000 -7.0000 42.0000
MM057RMs4 43.0000 -6.0000 44.0000
MM057RMs5 48.5000 -6.0000 45.0000
MD068RLm12 52.0000 10.0000 37.0000
MD068RLm13 57.0000 9.5000 37.0000
MD068RLm14 63.0000 10.0000 37.0000
MD074RCm9 37.0000 -3.0000 46.0000
MD074RIm8 64.0000 2.0000 19.0000
MD074RIm9 66.0000 2.0000 20.0000
MD074RSMAp9 38.0000 -2.0000 61.0000
NG093RF125 60.0000 0.9835 35.8087
NG093RF144 21.9792 -19.1060 75.5580
NG094LF31 65.1200 0.0400 12.5200
NG094LF32 61.1400 6.0625 22.2025
NG094RF43 57.1028 11.1398 41.6897
NG099RG220 56.2333 7.7580 18.2616
NG099RG228 56.5000 9.6878 29.9157
NG099RG229 59.0238 -2.5648 28.8867
NG100RG21 60.2667 10.9130 9.8978
NG100RG22 63.7667 3.3400 8.7700
NG100RG29 63.8276 13.6034 20.6586
NG100RG30 69.3276 5.0784 20.3086
NG102LG130 58.9643 7.8095 30.7619
NG103LG145 55.0625 1.0417 22.1458
NG106LP11 55.0000 -0.1786 24.4524
NG106RF41 56.0250 12.3625 37.0125
NG110RG621 60.5357 3.8393 14.2143
NG110RG613 58.8750 7.5000 10.0000
