GD005Lv_1 -4.0000 -52.0000 25.0000
GD005Lv_2 -8.0000 -52.0000 25.0000
GD010Rp1 5.0000 -59.0000 24.0000
GD010Rp2 9.0000 -58.0000 25.0000
GD010Rp3 14.0000 -58.0000 25.0000
GD013Lp_1 -6.0000 -47.0000 54.0000
GD013Lp_2 -11.0000 -48.0000 54.0000
GD026Lj_1 -4.0000 -43.0000 43.0000
GD026Lj_2 -7.0000 -43.0000 44.0000
GD026Lj_3 -11.0000 -43.0000 43.0000
GD043Rp1 7.0000 -55.0000 42.0000
GD043Rp2 12.0000 -55.0000 42.0000
GD043Rp3 16.0000 -55.0000 42.0000
GD044Lv_7 -23.0000 -67.0000 14.0000
GD047Lp_01 -5.5000 -56.0000 38.5000
GD047Lp_02 -9.0000 -56.0000 38.0000
GD048Lx_1 -2.0000 -62.0000 34.0000
GD048Lx_2 -6.0000 -61.0000 34.0000
GD049Rw01 5.0000 -64.0000 14.0000
MM054LCp2 -9.5000 -52.0000 18.5000
MM054LCp3 -13.0000 -53.5000 20.0000
MM054LCp4 -18.0000 -55.0000 23.0000
MM059LPC1 -8.0000 -50.5000 45.0000
MM059LPC2 -13.0000 -50.0000 45.0000
MM059LOs4 -23.0000 -69.0000 30.0000
MD061RPs1 13.0000 -54.0000 16.0000
MD061RPs2 12.5000 -57.0000 18.0000
MD072LCp1 -14.0000 -55.0000 29.0000
MM076LCp1 -15.0000 -40.0000 45.0000
MM076LCp2 -21.0000 -41.0000 46.0000
MM083RPC1 3.0000 -48.0000 55.0000
MM083RPC2 9.0000 -50.0000 57.0000
MM090RL1 16.5000 -55.0000 13.5000
MM090RL2 23.0000 -56.0000 14.0000
MM090RL3 28.0000 -58.0000 14.0000
NA106LP31 13.0000 -49.2714 36.8143
NA106LP32 14.3750 -49.1339 47.4018
NA106LP33 16.2321 -46.0625 59.9732
NA106RP41 14.7500 -50.0500 41.4333
NA106RP42 14.5357 -52.0143 52.6714
NG108LG920 3.6250 -77.5000 53.0000
NG108LG921 5.3750 -70.5000 66.3750
NA108LII15 3.7500 -78.0000 54.6250
