GD025Lo_6 -18.0000 36.0000 -20.0000
GD025Lo_7 -22.0000 35.0000 -20.0000
GD025Lo_8 -28.0000 35.0000 -20.0000
GD030Ro5 20.0000 32.0000 -19.0000
GD030Ro9 38.0000 31.0000 -17.0000
GD030Ro10 42.0000 32.0000 -17.0000
MD050ROF1 11.0000 21.0000 -19.0000
MM056ROF3 18.0000 30.0000 -13.0000
MM056ROF4 23.0000 30.0000 -13.0000
MD060ROF1 9.0000 22.0000 -19.0000
MD060ROF2 12.0000 22.0000 -17.0000
MD064LOF1 -6.0000 34.0000 -22.0000
MD064LOF2 -10.0000 34.0000 -21.0000
MD064LOF6 -26.0000 33.0000 -15.0000
MD071LOF1 -7.0000 19.0000 -18.0000
MD072LOF6 -30.0000 34.0000 -13.0000
MD072LOF7 -34.0000 34.0000 -13.0000
MD072LOF8 -38.0000 35.0000 -12.0000
MD075ROF1 12.0000 25.0000 -22.0000
MD075LOF1 -12.0000 29.0000 -21.0000
MD075LOF2 -17.0000 28.0000 -19.0000
MD075LOF3 -21.0000 29.0000 -18.0000
MD084LOF1 -12.0000 33.0000 -23.0000
MD084LOF2 -16.0000 33.0000 -21.0000
MD084LOF3 -19.0000 33.0000 -20.0000
MD084LOF4 -22.5000 34.0000 -18.0000
MD084LOF5 -26.0000 34.0000 -17.0000
MD084LOF6 -30.0000 34.0000 -15.0000
MD084LOF7 -32.0000 35.0000 -13.0000
MD084LOF8 -36.0000 35.0000 -11.0000
MD088LOF7 -32.0000 35.0000 -7.0000
MD088ROF1 11.0000 31.0000 -24.0000
MD088ROF4 22.0000 32.0000 -20.0000
MD088ROF5 26.0000 33.0000 -19.0000
MD088ROF6 29.0000 33.0000 -17.0000
MD088ROF7 31.0000 34.0000 -15.0000
NG094RF101 7.5227 38.4318 -22.2591
NG094RF102 17.5436 32.3693 -18.2008
NG094RF103 26.5208 28.9158 -13.8243
NG100RF21 9.5238 29.9274 -29.8786
NG100RF22 20.0238 35.2024 -26.9286
NG100RF24 41.0000 33.0600 -19.7000
NG102LF11 33.3333 51.7500 -14.0000
NG102LF12 42.0000 48.8333 -13.3333
NG107LF12 45.3542 49.9444 -11.0347
