1 -56.0000 -37.0000 -2.0000
2 -60.0000 -37.0000 -4.0000
3 -63.0000 -37.0000 -2.0000
4 -68.0000 -38.0000 -2.0000
5 -1.0000 42.0000 -14.0000
6 -4.0000 42.0000 -14.0000
7 -8.0000 42.0000 -13.0000
8 -12.0000 43.0000 -13.0000
9 -34.0000 -33.0000 8.0000
10 -38.0000 -33.0000 10.0000
11 -41.0000 -33.0000 9.0000
12 -44.0000 -33.5000 8.5000
13 -47.0000 -34.0000 10.0000
14 -51.0000 -34.0000 10.0000
15 2.0000 0.0000 39.0000
16 6.0000 0.0000 39.0000
17 10.0000 0.0000 39.0000
18 48.0000 -1.0000 36.0000
19 51.0000 -1.0000 36.0000
20 56.0000 0.0000 36.0000
21 2.0000 12.0000 55.0000
22 36.0000 9.0000 -6.0000
23 39.0000 9.0000 -6.0000
24 43.0000 9.0000 -6.0000
25 46.0000 9.0000 -6.0000
26 49.0000 9.0000 -6.0000
27 55.0000 10.0000 -6.0000
28 26.0000 -22.0000 -15.0000
29 30.0000 -21.0000 -15.0000
30 -51.0000 7.0000 0.0000
31 -56.0000 7.0000 0.0000
32 -60.0000 7.0000 0.0000
33 -42.0000 -23.0000 10.0000
34 -25.0000 -50.0000 -8.0000
35 -28.0000 -50.0000 -8.0000
36 -31.0000 -51.0000 -9.0000
37 -36.0000 -51.0000 -9.0000
38 -40.0000 -52.0000 -8.0000
39 -43.5000 -53.0000 -11.0000
40 -59.0000 -54.0000 -11.0000
41 38.0000 -15.0000 -4.0000
42 41.0000 -13.0000 -4.0000
43 46.0000 -13.0000 -3.0000
44 56.0000 -12.0000 -2.0000
45 61.0000 -12.0000 -3.0000
46 -42.0000 -21.0000 1.0000
47 -46.0000 -21.0000 -1.0000
48 -4.0000 -52.0000 25.0000
49 -8.0000 -52.0000 25.0000
50 -37.0000 -51.0000 26.0000
51 -35.0000 11.0000 -2.0000
52 -35.0000 12.0000 1.0000
53 -36.0000 14.0000 5.0000
54 -35.0000 17.0000 9.0000
55 -33.0000 -14.0000 4.0000
56 -32.0000 -16.0000 7.0000
57 -32.0000 -18.5000 12.0000
58 -43.0000 -2.0000 -7.0000
59 -47.0000 -2.0000 -5.0000
60 -50.0000 -3.0000 -4.0000
61 -54.0000 -3.0000 -4.0000
62 -60.0000 -4.0000 -3.0000
63 -49.0000 -23.0000 10.0000
64 -54.0000 -23.0000 10.0000
65 49.0000 -1.0000 6.0000
66 53.0000 -1.0000 7.0000
67 57.0000 -1.0000 6.0000
68 40.0000 24.0000 4.0000
69 43.0000 24.0000 4.0000
70 47.0000 24.0000 4.0000
71 50.0000 24.0000 4.0000
72 54.0000 25.0000 4.0000
73 37.0000 16.0000 1.0000
74 36.0000 19.0000 5.0000
75 36.0000 50.0000 7.0000
76 36.0000 54.0000 10.0000
77 3.0000 32.0000 -8.0000
78 8.0000 32.0000 -8.0000
79 31.0000 -35.0000 -14.0000
80 34.0000 -35.0000 -15.0000
81 38.0000 -35.0000 -14.0000
82 46.0000 -28.0000 3.0000
83 59.0000 -29.0000 4.0000
84 63.0000 -28.0000 3.0000
85 37.0000 9.0000 -7.5000
86 42.0000 8.0000 -7.0000
87 45.0000 9.0000 -6.0000
88 49.0000 8.0000 -5.0000
89 53.0000 9.0000 -3.0000
90 38.0000 3.0000 5.0000
91 41.0000 2.0000 5.0000
92 45.0000 2.0000 6.0000
93 49.0000 3.0000 6.0000
94 53.0000 3.0000 6.0000
95 56.0000 3.0000 7.0000
96 61.0000 3.0000 8.0000
97 35.0000 -27.0000 23.0000
98 38.0000 -27.0000 23.0000
99 42.0000 -27.0000 23.5000
100 47.0000 -27.0000 24.0000
101 42.0000 -18.0000 7.0000
102 40.0000 -21.0000 13.0000
103 39.0000 -25.0000 31.0000
104 38.0000 -27.0000 36.0000
105 43.0000 -6.0000 -14.0000
106 41.0000 -6.0000 -10.0000
107 41.0000 -8.0000 -6.0000
108 41.0000 -9.0000 -2.0000
109 40.0000 -9.0000 2.0000
110 41.0000 -12.0000 7.0000
111 36.0000 -19.0000 41.0000
112 37.0000 5.0000 -10.0000
113 40.0000 6.5000 -6.0000
114 40.0000 8.0000 0.0000
115 45.0000 19.0000 27.0000
116 46.0000 25.0000 41.0000
117 3.0000 -13.0000 39.0000
118 7.0000 -14.0000 39.0000
119 28.5000 -14.0000 39.0000
120 33.0000 -13.0000 39.0000
121 38.0000 -13.0000 40.0000
122 58.0000 -12.0000 40.0000
123 2.0000 -20.0000 58.0000
124 5.0000 -20.0000 58.0000
125 10.0000 -20.0000 59.0000
126 28.0000 -21.0000 62.0000
127 32.0000 -21.0000 62.0000
128 37.0000 -21.0000 62.0000
129 -21.0000 -24.0000 -16.0000
130 -25.0000 -24.0000 -15.0000
131 -29.0000 -24.0000 -15.0000
132 -70.0000 -26.0000 -17.0000
133 -5.0000 35.0000 31.0000
134 -8.0000 34.0000 31.0000
135 -12.0000 35.0000 28.0000
136 -34.0000 34.0000 26.0000
137 -44.0000 33.0000 26.0000
138 -42.0000 19.0000 29.0000
139 -45.5000 18.0000 29.0000
140 -52.0000 30.0000 7.0000
141 -2.0000 12.0000 49.0000
142 -4.0000 14.0000 49.0000
143 -6.0000 14.0000 51.0000
144 -7.0000 16.0000 54.0000
145 -3.0000 17.0000 63.0000
146 -6.0000 17.0000 63.0000
147 -10.0000 16.0000 62.0000
148 -4.0000 4.0000 64.0000
149 -7.0000 4.0000 62.0000
150 -17.0000 2.0000 60.0000
151 -3.0000 -16.0000 67.0000
152 -17.0000 -15.0000 66.0000
153 -33.0000 21.0000 -1.0000
154 -32.0000 24.0000 3.0000
155 7.0000 -1.0000 54.0000
156 10.0000 0.0000 56.0000
157 13.0000 0.0000 56.0000
158 17.0000 0.0000 55.0000
159 20.0000 0.0000 54.0000
160 24.0000 0.0000 55.0000
161 27.0000 0.0000 55.0000
162 31.0000 0.0000 56.0000
163 35.0000 0.0000 57.0000
164 40.0000 1.0000 57.0000
165 45.0000 2.0000 57.0000
166 5.0000 -18.0000 59.0000
167 8.0000 -18.0000 58.0000
168 14.0000 -18.0000 58.0000
169 30.0000 -18.0000 56.0000
170 34.0000 -17.0000 57.0000
171 38.0000 -17.0000 58.0000
172 42.0000 -16.0000 57.0000
173 47.0000 -15.0000 57.0000
174 32.0000 54.0000 31.0000
175 37.0000 55.0000 31.0000
176 6.0000 -5.0000 42.0000
177 9.0000 -4.0000 43.0000
178 19.0000 -4.0000 43.0000
179 23.0000 -4.0000 44.0000
180 27.0000 -3.0000 44.0000
181 30.0000 -3.0000 45.0000
182 34.0000 -3.0000 44.0000
183 37.0000 -3.0000 46.0000
184 41.0000 -2.0000 46.0000
185 45.0000 -1.0000 48.0000
186 23.0000 -49.0000 -15.0000
187 27.0000 -49.0000 -14.0000
188 31.0000 -49.0000 -14.0000
189 35.0000 -49.0000 -14.0000
190 39.0000 -47.0000 -15.0000
191 35.0000 10.0000 14.0000
192 42.0000 -24.0000 22.0000
193 46.0000 -25.0000 22.0000
194 8.0000 -67.0000 -3.0000
195 13.0000 -66.0000 -3.0000
196 5.0000 -59.0000 24.0000
197 9.0000 -58.0000 25.0000
198 14.0000 -58.0000 25.0000
199 43.0000 -59.0000 22.0000
200 47.0000 -59.0000 22.0000
201 51.0000 -59.0000 21.0000
202 55.0000 -58.0000 22.0000
203 60.0000 -58.0000 24.0000
204 63.0000 9.0000 -31.0000
205 32.0000 19.0000 14.0000
206 21.0000 19.0000 43.0000
207 19.0000 21.0000 48.0000
208 22.0000 23.0000 31.0000
209 21.0000 23.0000 36.0000
210 19.0000 25.0000 41.0000
211 32.0000 14.0000 19.0000
212 36.0000 13.0000 22.0000
213 41.0000 14.0000 23.0000
214 51.0000 14.0000 26.0000
215 56.0000 15.0000 28.0000
216 -9.0000 42.0000 -16.0000
217 -47.0000 -3.0000 41.0000
218 -52.0000 -2.0000 43.0000
219 -58.0000 -2.0000 43.0000
220 -5.0000 9.0000 50.0000
221 -8.0000 11.0000 53.0000
222 -10.0000 13.0000 56.0000
223 -12.0000 14.0000 59.0000
224 -16.0000 15.5000 63.0000
225 -6.0000 -47.0000 54.0000
226 -11.0000 -48.0000 54.0000
227 -27.0000 -49.0000 53.0000
228 -36.0000 -6.0000 -3.0000
229 -40.0000 -6.0000 -3.0000
230 -59.0000 -9.0000 -2.0000
231 50.0000 -29.0000 24.0000
232 40.0000 -18.0000 34.0000
233 40.0000 -21.0000 38.0000
234 -60.0000 -6.0000 17.0000
235 -64.0000 -5.0000 17.0000
236 -69.0000 -7.0000 16.0000
237 -60.0000 -17.0000 22.0000
238 -63.0000 -17.0000 22.0000
239 -68.0000 -17.0000 23.0000
240 4.0000 -23.0000 58.0000
241 40.0000 -22.0000 59.0000
242 44.0000 -22.0000 60.0000
243 49.0000 -21.0000 61.0000
244 3.0000 -8.0000 62.0000
245 13.0000 -8.0000 63.0000
246 18.0000 -7.0000 63.0000
247 22.0000 -7.0000 63.0000
248 27.0000 -8.0000 62.0000
249 38.0000 -9.0000 62.0000
250 43.0000 -8.0000 63.0000
251 26.0000 -41.0000 -20.0000
252 30.0000 -41.0000 -20.0000
253 34.0000 -41.0000 -20.0000
254 45.0000 -42.0000 -20.0000
255 49.0000 -42.0000 -21.0000
256 55.0000 -41.0000 -21.0000
257 59.0000 -41.0000 -21.0000
258 63.0000 -39.0000 -21.0000
259 68.0000 -40.0000 -22.0000
260 -37.0000 -2.0000 -4.0000
261 -40.0000 -2.0000 -4.0000
262 -43.0000 -2.0000 -4.0000
263 -48.0000 -3.0000 -3.0000
264 -60.0000 -5.0000 -1.0000
265 -11.0000 31.0000 50.0000
266 -7.0000 15.0000 46.0000
267 -10.0000 15.0000 45.5000
268 -7.0000 -17.0000 56.0000
269 -15.0000 -16.0000 56.0000
270 -20.0000 -16.0000 57.0000
271 -24.0000 -16.0000 57.0000
272 -26.5000 -16.0000 57.5000
273 -30.0000 -17.0000 59.0000
274 -34.0000 -17.0000 61.0000
275 -38.0000 -17.0000 63.0000
276 -20.0000 40.0000 30.0000
277 -22.0000 40.0000 32.0000
278 -26.5000 41.0000 31.0000
279 -30.0000 41.0000 32.0000
280 -8.0000 21.0000 24.0000
281 -46.5000 29.0000 24.0000
282 -50.0000 29.0000 24.0000
283 -4.0000 2.0000 39.0000
284 -7.5000 2.0000 37.0000
285 -33.0000 34.0000 9.0000
286 -41.0000 34.0000 10.0000
287 -45.0000 33.0000 11.0000
288 -49.0000 33.0000 12.0000
289 -52.0000 32.0000 13.0000
290 -42.0000 19.5000 9.0000
291 -45.5000 19.0000 9.0000
292 -49.0000 18.0000 8.0000
293 -52.0000 17.0000 8.0000
294 -56.0000 17.0000 8.0000
295 -38.0000 18.0000 -9.0000
296 -36.0000 20.0000 -6.0000
297 -34.5000 21.0000 -5.0000
298 -34.0000 23.0000 -1.0000
299 -32.0000 25.0000 1.0000
300 -42.0000 3.0000 -12.0000
301 -46.0000 3.0000 -11.0000
302 -50.5000 4.0000 -11.0000
303 -54.0000 4.5000 -8.5000
304 -57.0000 6.0000 -8.0000
305 -60.0000 6.5000 -7.0000
306 -29.0000 -13.0000 -16.0000
307 -32.0000 -13.0000 -16.5000
308 -5.0000 -37.0000 31.0000
309 -9.0000 -37.0000 31.0000
310 -13.0000 -38.0000 31.0000
311 -29.0000 28.0000 20.0000
312 -28.0000 30.0000 25.0000
313 -1.0000 18.0000 31.0000
314 -15.0000 16.0000 32.0000
315 -31.0000 15.0000 35.0000
316 -35.0000 15.0000 35.0000
317 -39.0000 16.0000 36.0000
318 -42.0000 16.0000 37.5000
319 -3.0000 20.0000 14.0000
320 -7.0000 20.0000 13.0000
321 -35.0000 19.0000 14.0000
322 -40.0000 19.0000 15.0000
323 -44.0000 20.0000 16.0000
324 -47.0000 20.0000 17.0000
325 -50.0000 19.0000 17.0000
326 -55.0000 19.0000 18.0000
327 -45.0000 11.0000 13.0000
328 -49.0000 11.0000 13.0000
329 -53.0000 12.0000 13.0000
330 -58.0000 11.0000 13.0000
331 -12.0000 1.0000 33.0000
332 -17.0000 0.0000 33.0000
333 -21.0000 -1.0000 33.0000
334 -25.0000 -1.0000 34.0000
335 -30.0000 -1.0000 35.0000
336 -34.0000 -1.0000 36.0000
337 -38.0000 -1.0000 37.0000
338 -42.0000 0.0000 37.0000
339 -47.0000 -1.0000 39.0000
340 -31.0000 -14.0000 39.0000
341 -36.0000 -14.0000 40.0000
342 -3.0000 -24.0000 33.0000
343 -6.5000 -24.0000 33.0000
344 -29.0000 -26.0000 34.0000
345 46.0000 -40.0000 52.0000
346 50.0000 -40.0000 51.0000
347 55.0000 -39.0000 53.0000
348 32.0000 33.0000 17.0000
349 36.0000 33.0000 17.0000
350 40.0000 33.0000 17.0000
351 0.0000 46.0000 29.0000
352 4.0000 46.0000 29.0000
353 16.0000 47.0000 31.0000
354 0.0000 25.0000 48.0000
355 3.0000 26.0000 48.0000
356 7.0000 25.0000 48.0000
357 11.0000 26.0000 48.0000
358 15.0000 26.0000 49.0000
359 21.0000 25.0000 48.0000
360 30.0000 10.0000 8.0000
361 34.0000 10.0000 8.0000
362 38.0000 9.0000 8.0000
363 42.0000 10.0000 9.0000
364 45.0000 8.0000 9.0000
365 50.0000 10.0000 9.0000
366 2.0000 5.0000 53.0000
367 21.0000 4.0000 52.0000
368 25.0000 3.0000 53.0000
369 29.0000 2.0000 52.0000
370 34.0000 2.0000 53.0000
371 3.0000 -2.0000 33.0000
372 42.0000 -2.0000 35.0000
373 47.0000 -3.0000 35.0000
374 51.0000 -2.0000 36.5000
375 35.0000 0.0000 17.0000
376 39.0000 0.0000 19.0000
377 45.0000 -1.0000 19.0000
378 54.0000 -1.5000 20.0000
379 59.0000 -2.0000 20.0000
380 49.0000 -37.0000 31.0000
381 54.0000 -37.0000 31.0000
382 -39.0000 11.0000 5.0000
383 -43.0000 11.0000 6.0000
384 -46.0000 10.0000 7.0000
385 44.0000 18.0000 21.0000
386 48.0000 18.0000 21.0000
387 52.0000 18.0000 21.0000
388 -29.0000 42.0000 26.0000
389 -30.0000 37.0000 18.0000
390 -28.0000 38.0000 22.0000
391 41.0000 0.0000 34.0000
392 46.0000 0.0000 35.0000
393 42.0000 34.0000 22.0000
394 47.0000 34.0000 23.0000
395 31.0000 46.0000 15.0000
396 36.0000 -35.0000 43.0000
397 35.0000 -43.0000 55.0000
398 -57.0000 -12.0000 0.0000
399 -48.0000 -29.0000 3.0000
400 -52.0000 -29.0000 4.0000
401 -57.0000 -29.0000 5.0000
402 -60.0000 -30.0000 5.0000
403 -65.0000 -30.0000 4.0000
404 -1.0000 -47.0000 24.0000
405 -5.0000 -48.0000 24.0000
406 -9.0000 -48.0000 22.0000
407 -1.0000 38.0000 -17.0000
408 -4.0000 37.0000 -16.5000
409 -8.0000 38.0000 -17.0000
410 -18.0000 36.0000 -20.0000
411 -22.0000 35.0000 -20.0000
412 -28.0000 35.0000 -20.0000
413 -26.0000 -53.5000 -18.0000
414 -30.0000 -53.0000 -19.0000
415 -34.0000 -54.0000 -19.0000
416 -33.0000 -53.0000 -5.0000
417 -50.0000 -54.0000 -5.0000
418 -54.0000 -54.0000 -6.0000
419 -59.0000 -55.0000 -6.0000
420 -35.0000 -30.0000 22.0000
421 -39.0000 -29.0000 22.0000
422 -42.0000 -29.0000 21.0000
423 -45.0000 -29.0000 21.0000
424 -48.0000 -29.0000 21.0000
425 -53.0000 -29.0000 21.0000
426 -50.0000 -11.0000 37.0000
427 -54.0000 -10.0000 36.5000
428 -59.0000 -10.0000 37.0000
429 -64.0000 -10.0000 37.0000
430 -35.0000 -26.0000 32.0000
431 -50.0000 -26.0000 32.0000
432 -54.0000 -26.0000 32.0000
433 -58.0000 -25.0000 32.0000
434 -63.0000 -25.0000 32.0000
435 -4.0000 -15.0000 54.0000
436 -9.0000 -15.0000 52.0000
437 -31.0000 -14.0000 52.5000
438 -35.0000 -16.0000 52.0000
439 -38.0000 -16.0000 52.0000
440 -42.0000 -16.0000 52.0000
441 -46.0000 -15.0000 51.0000
442 -50.0000 -15.0000 52.0000
443 -56.0000 -15.0000 52.0000
444 -7.0000 -25.0000 69.0000
445 -12.0000 -25.0000 69.0000
446 -16.0000 -24.0000 69.0000
447 -27.0000 -25.0000 69.0000
448 -30.5000 -26.0000 69.0000
449 -34.0000 -26.0000 66.0000
450 -37.0000 -26.0000 67.0000
451 -41.0000 -28.0000 67.0000
452 -47.0000 -27.0000 66.0000
453 -7.0000 -39.0000 59.0000
454 -10.0000 -40.0000 58.0000
455 -15.0000 -40.0000 57.0000
456 -34.0000 -41.0000 54.0000
457 -38.0000 -42.0000 53.0000
458 -41.0000 -43.0000 53.0000
459 -44.0000 -42.0000 53.0000
460 -49.0000 -42.5000 52.0000
461 -4.0000 -43.0000 43.0000
462 -7.0000 -43.0000 44.0000
463 -11.0000 -43.0000 43.0000
464 -33.0000 -45.0000 39.0000
465 -36.0000 -45.0000 38.0000
466 -39.0000 -45.0000 38.0000
467 -43.0000 -44.0000 37.0000
468 -47.0000 -43.0000 37.0000
469 -53.0000 -43.0000 37.0000
470 14.0000 9.0000 68.0000
471 16.0000 13.0000 71.0000
472 25.0000 -2.0000 -19.0000
473 29.0000 -1.0000 -19.0000
474 8.0000 -35.0000 24.0000
475 48.0000 -35.0000 26.0000
476 53.0000 -35.0000 26.0000
477 35.0000 -22.0000 15.0000
478 39.0000 -22.0000 16.0000
479 42.0000 -22.0000 16.0000
480 46.0000 -23.0000 17.0000
481 49.0000 -23.0000 17.0000
482 52.0000 -22.0000 17.0000
483 56.0000 -22.0000 18.0000
484 61.0000 -22.0000 17.0000
485 36.0000 -35.5000 10.0000
486 39.0000 -36.0000 10.0000
487 42.0000 -36.0000 10.0000
488 46.0000 -35.0000 10.0000
489 49.0000 -37.0000 9.5000
490 53.0000 -37.0000 12.0000
491 57.0000 -37.0000 12.0000
492 61.0000 -36.0000 12.0000
493 8.0000 11.0000 25.0000
494 36.0000 7.0000 28.0000
495 39.0000 7.0000 28.0000
496 42.0000 7.0000 29.0000
497 46.0000 7.0000 30.0000
498 51.0000 7.0000 30.0000
499 6.0000 -18.0000 31.0000
500 46.0000 -22.0000 34.0000
501 50.0000 -22.0000 34.0000
502 6.0000 -6.0000 61.0000
503 19.0000 -7.0000 61.0000
504 25.0000 -7.0000 61.0000
505 3.0000 -17.0000 58.0000
506 23.0000 -18.0000 58.0000
507 36.0000 -19.0000 59.0000
508 41.0000 -18.0000 59.0000
509 -33.0000 14.0000 -14.0000
510 -34.0000 15.0000 -11.0000
511 -33.0000 16.0000 -8.0000
512 -32.0000 18.0000 -5.0000
513 -31.0000 19.0000 -1.0000
514 -31.0000 21.0000 3.0000
515 -34.0000 5.0000 7.0000
516 -49.0000 4.0000 8.0000
517 -54.0000 4.0000 9.0000
518 -60.0000 4.0000 9.0000
519 -39.0000 -5.0000 18.0000
520 -49.0000 -5.0000 19.0000
521 -53.0000 -6.0000 19.0000
522 -58.0000 -6.0000 19.0000
523 -39.0000 -1.0000 -13.0000
524 -39.0000 -4.0000 -10.0000
525 -38.0000 -6.0000 -8.0000
526 -39.0000 -8.0000 -5.0000
527 -38.0000 -10.0000 -2.0000
528 -37.0000 -14.0000 1.0000
529 -35.0000 -23.0000 15.0000
530 -50.0000 -21.0000 4.0000
531 -54.0000 -21.5000 5.0000
532 -59.0000 -22.0000 5.0000
533 6.0000 -43.0000 27.0000
534 10.0000 -44.0000 28.0000
535 16.0000 -44.0000 28.0000
536 55.0000 -42.0000 26.0000
537 59.0000 -42.0000 26.0000
538 63.0000 -42.0000 26.0000
539 66.0000 -41.0000 26.0000
540 69.0000 -41.0000 25.0000
541 39.0000 -18.0000 -24.0000
542 48.0000 -17.0000 -26.0000
543 59.0000 -17.0000 -26.0000
544 24.0000 -47.0000 -12.0000
545 30.0000 -46.0000 -13.0000
546 52.0000 -44.5000 -14.5000
547 55.0000 -44.0000 -14.0000
548 59.0000 -44.0000 -14.0000
549 63.0000 -44.0000 -14.0000
550 64.0000 -42.0000 7.0000
551 68.0000 -41.0000 8.0000
552 56.0000 -5.0000 -10.0000
553 60.0000 -5.0000 -9.0000
554 65.0000 -5.0000 -9.0000
555 62.0000 -21.0000 2.0000
556 65.0000 -21.0000 2.0000
557 69.0000 -22.0000 2.0000
558 39.0000 -13.0000 2.0000
559 38.0000 -14.0000 6.0000
560 38.0000 -17.0000 10.0000
561 39.0000 -20.0000 15.0000
562 32.0000 15.0000 1.0000
563 31.0000 16.0000 5.0000
564 27.0000 25.0000 27.0000
565 4.0000 32.0000 -16.5000
566 8.0000 33.0000 -17.0000
567 20.0000 32.0000 -19.0000
568 38.0000 31.0000 -17.0000
569 42.0000 32.0000 -17.0000
570 -9.0000 -47.0000 20.0000
571 -22.0000 -25.0000 -8.0000
572 -26.0000 -25.0000 -8.0000
573 -29.0000 -25.0000 -9.0000
574 -34.0000 -26.0000 -8.0000
575 -32.0000 15.5000 15.0000
576 -26.0000 -58.0000 3.0000
577 -40.0000 -59.0000 8.0000
578 32.0000 -17.0000 -15.0000
579 34.0000 6.0000 9.0000
580 38.0000 6.0000 10.0000
581 41.0000 7.0000 11.0000
582 45.0000 7.0000 11.0000
583 49.0000 7.0000 13.0000
584 54.0000 7.0000 12.0000
585 59.0000 7.0000 12.0000
586 -34.0000 11.0000 -7.0000
587 -32.5000 11.0000 -3.0000
588 -34.0000 11.0000 1.0000
589 -32.0000 11.0000 4.0000
590 -31.0000 11.0000 8.0000
591 -22.0000 11.0000 46.0000
592 -29.0000 14.0000 13.0000
593 -33.0000 14.0000 13.0000
594 -38.0000 13.0000 13.0000
595 -48.0000 15.0000 13.0000
596 -52.0000 15.0000 13.0000
597 -58.0000 15.0000 13.0000
598 -31.0000 4.0000 14.0000
599 -35.0000 5.0000 14.0000
600 -39.0000 5.0000 15.0000
601 -43.0000 5.0000 15.0000
602 -47.0000 5.0000 14.5000
603 -50.0000 5.0000 13.0000
604 -54.0000 6.0000 13.0000
605 -60.0000 6.0000 13.0000
606 -42.0000 -30.0000 6.0000
607 -46.0000 -30.0000 6.0000
608 -49.0000 -30.0000 7.0000
609 -53.0000 -30.0000 7.0000
610 -58.0000 -30.0000 7.0000
611 -62.0000 -30.0000 6.0000
612 44.0000 16.0000 -38.0000
613 -45.0000 4.0000 13.0000
614 -57.0000 3.0000 12.0000
615 -3.0000 -74.0000 3.0000
616 -7.0000 -74.0000 4.0000
617 -12.0000 -74.0000 5.0000
618 -41.0000 -75.0000 2.0000
619 -45.0000 -75.0000 2.0000
620 -49.0000 -76.0000 1.0000
621 -55.0000 -76.0000 0.0000
622 -39.0000 -25.0000 5.0000
623 -44.0000 -26.0000 5.0000
624 -57.0000 -25.0000 5.0000
625 -61.0000 -27.0000 5.0000
626 -64.0000 -26.0000 4.0000
627 -69.0000 -26.0000 4.0000
628 -37.0000 -40.0000 16.0000
629 -41.0000 -39.0000 16.0000
630 -59.0000 -40.0000 16.0000
631 -63.0000 -40.0000 16.0000
632 -67.0000 -40.0000 17.0000
633 -72.0000 -41.0000 16.0000
634 -5.0000 -78.0000 15.0000
635 -10.0000 -78.0000 16.0000
636 -48.0000 -81.0000 14.0000
637 -53.0000 -81.0000 14.0000
638 -3.0000 -43.0000 30.0000
639 -7.0000 -42.0000 30.0000
640 -49.0000 -42.0000 27.0000
641 -63.0000 -43.0000 28.0000
642 -72.0000 -44.0000 25.0000
643 -49.5000 -11.0000 14.0000
644 -59.0000 -10.0000 15.0000
645 -62.0000 -11.0000 12.0000
646 -68.0000 -11.0000 11.0000
647 -54.0000 -32.0000 12.0000
648 -59.0000 -33.0000 12.0000
649 -64.0000 -33.0000 12.0000
650 -63.0000 -42.0000 25.0000
651 -37.0000 4.0000 13.0000
652 -41.0000 4.0000 13.0000
653 -44.0000 3.0000 13.0000
654 -47.5000 3.0000 12.0000
655 -52.0000 3.0000 13.0000
656 -22.0000 -58.0000 -10.0000
657 -26.0000 -58.0000 -10.0000
658 61.0000 -11.0000 2.0000
659 65.0000 -11.0000 1.0000
660 60.0000 -27.0000 -13.0000
661 64.0000 -28.0000 -14.0000
662 68.0000 -28.0000 -14.0000
663 39.0000 -23.0000 -25.0000
664 43.0000 -23.0000 -25.0000
665 47.0000 -22.0000 -25.0000
666 -45.0000 6.0000 -7.0000
667 -57.0000 4.0000 -7.0000
668 -61.0000 1.0000 -7.0000
669 -50.0000 -12.0000 3.0000
670 -53.0000 -14.0000 2.0000
671 -58.0000 -14.0000 2.0000
672 -64.0000 -15.0000 2.0000
673 38.0000 7.0000 -11.0000
674 36.5000 7.0000 -7.0000
675 37.0000 8.0000 -3.0000
676 36.0000 8.0000 0.5000
677 35.0000 9.0000 5.0000
678 37.0000 -9.0000 -11.0000
679 35.0000 -9.0000 -6.0000
680 34.0000 -15.0000 7.0000
681 34.0000 -18.0000 13.0000
682 -35.0000 19.0000 9.0000
683 -39.0000 19.0000 9.0000
684 -52.0000 19.0000 10.0000
685 -57.0000 18.0000 9.0000
686 -32.0000 -1.0000 9.0000
687 -36.0000 -1.0000 10.0000
688 -41.0000 -2.0000 11.0000
689 -56.0000 -3.0000 11.0000
690 -35.0000 -16.0000 16.0000
691 -39.0000 -16.0000 17.0000
692 -43.0000 -17.0000 18.0000
693 -48.0000 -17.0000 18.0000
694 -52.0000 -17.0000 18.0000
695 -56.0000 -17.0000 17.0000
696 -60.0000 -18.0000 17.0000
697 -65.0000 -19.0000 17.0000
698 -37.0000 -28.0000 16.0000
699 -41.0000 -27.0000 18.0000
700 -46.0000 -28.0000 19.0000
701 -57.0000 -28.0000 18.0000
702 -62.0000 -28.0000 18.0000
703 -53.0000 -20.0000 -8.0000
704 -57.0000 -20.0000 -7.0000
705 -62.0000 -20.5000 -7.0000
706 -47.0000 -30.0000 5.0000
707 -50.0000 -30.0000 7.0000
708 -54.0000 -30.0000 7.0000
709 -58.0000 -31.0000 7.0000
710 -62.0000 -30.0000 6.0000
711 -25.0000 -58.0000 -16.0000
712 -30.0000 -57.0000 -16.0000
713 -41.0000 -58.0000 -16.0000
714 -45.0000 -57.0000 -18.0000
715 -49.0000 -57.0000 -17.0000
716 -53.0000 -58.0000 -18.0000
717 14.0000 -72.0000 0.0000
718 43.0000 -68.0000 0.0000
719 12.0000 -69.0000 15.0000
720 64.0000 -32.0000 30.0000
721 50.0000 -50.0000 20.0000
722 55.0000 -48.0000 20.0000
723 7.0000 -55.0000 42.0000
724 12.0000 -55.0000 42.0000
725 16.0000 -55.0000 42.0000
726 36.0000 -54.0000 43.0000
727 40.0000 -55.0000 43.0000
728 44.0000 -54.0000 43.0000
729 47.0000 -54.0000 42.0000
730 52.0000 -53.0000 42.0000
731 -45.0000 13.0000 29.0000
732 -49.0000 12.0000 30.0000
733 -55.0000 11.0000 32.0000
734 -38.0000 -17.0000 35.0000
735 -42.0000 -18.0000 36.0000
736 -47.0000 -19.0000 38.0000
737 -23.0000 -67.0000 14.0000
738 -27.0000 -68.0000 15.0000
739 -31.0000 -69.0000 15.0000
740 -50.0000 -3.0000 15.0000
741 -55.0000 -4.0000 16.0000
742 -41.0000 -12.0000 14.0000
743 -45.0000 -13.0000 16.0000
744 -52.0000 -30.0000 16.0000
745 -58.0000 -30.0000 17.5000
746 -45.0000 -46.0000 13.0000
747 -48.0000 -45.0000 15.0000
748 -54.0000 -45.0000 16.0000
749 -47.0000 -11.0000 -7.0000
750 -45.0000 -31.0000 -3.0000
751 -60.0000 -31.0000 3.0000
752 33.5000 -18.0000 44.0000
753 37.0000 -18.0000 45.0000
754 41.0000 -18.0000 45.0000
755 45.0000 -18.0000 44.5000
756 50.0000 -18.0000 44.0000
757 29.0000 -53.0000 0.0000
758 48.0000 -52.0000 -4.0000
759 51.0000 -52.0000 -5.0000
760 54.0000 -51.0000 -4.5000
761 59.0000 -50.0000 -4.0000
762 -43.0000 -32.0000 -3.0000
763 -46.0000 -32.0000 -1.0000
764 -50.0000 -32.0000 2.5000
765 -29.0000 -47.0000 -15.0000
766 -33.0000 -47.0000 -15.0000
767 -37.0000 -47.0000 -14.0000
768 -9.0000 -16.0000 60.0000
769 -34.0000 -15.0000 60.0000
770 -38.0000 -14.0000 60.0000
771 -42.0000 -14.0000 60.0000
772 -46.0000 -14.0000 59.5000
773 -6.0000 9.0000 32.0000
774 -10.0000 8.0000 32.0000
775 -39.0000 8.0000 31.0000
776 -49.0000 8.5000 31.0000
777 -53.0000 9.0000 32.0000
778 -51.5000 -12.0000 31.0000
779 -56.0000 -11.0000 30.0000
780 -60.0000 -11.0000 30.0000
781 -6.0000 -32.0000 50.0000
782 -10.0000 -31.0000 50.0000
783 -39.0000 -32.0000 49.0000
784 -42.0000 -31.0000 48.0000
785 -46.0000 -30.0000 48.0000
786 -50.0000 -30.0000 47.0000
787 -55.0000 -30.0000 49.0000
788 -24.5000 -59.0000 45.0000
789 -24.0000 -63.0000 47.0000
790 -23.0000 -66.0000 48.0000
791 -23.0000 -69.0000 49.0000
792 -23.0000 -74.0000 52.0000
793 -5.5000 -56.0000 38.5000
794 -9.0000 -56.0000 38.0000
795 -34.0000 -56.0000 38.0000
796 -37.0000 -56.0000 38.0000
797 -41.0000 -56.0000 37.0000
798 -46.0000 -56.0000 38.0000
799 -50.0000 -55.0000 37.0000
800 -2.0000 -37.0000 28.0000
801 -6.0000 -37.0000 29.0000
802 -45.0000 -50.0000 22.5000
803 -49.0000 -49.0000 23.0000
804 -54.0000 -48.0000 22.0000
805 -49.0000 -64.5000 5.0000
806 -52.0000 -64.0000 4.0000
807 0.0000 -81.0000 3.0000
808 -4.5000 -81.0000 3.0000
809 -8.0000 -81.5000 2.0000
810 -36.0000 -82.0000 3.0000
811 -20.0000 -56.0000 -10.0000
812 -24.5000 -56.0000 -9.5000
813 -5.0000 -39.0000 27.0000
814 -8.0000 -39.0000 28.0000
815 -12.0000 -37.0000 27.0000
816 -48.0000 -37.0000 28.0000
817 -52.0000 -37.0000 28.0000
818 -58.0000 -38.0000 28.0000
819 -32.0000 -37.0000 46.0000
820 -38.0000 -21.0000 4.0000
821 -43.0000 -22.0000 4.0000
822 -53.0000 -23.0000 6.0000
823 -58.0000 -24.0000 6.0000
824 -63.0000 -24.0000 6.0000
825 -2.0000 -62.0000 34.0000
826 -6.0000 -61.0000 34.0000
827 -23.0000 -62.0000 35.0000
828 -27.0000 -63.0000 35.0000
829 -31.0000 -62.5000 34.5000
830 -46.0000 -64.0000 35.0000
831 -51.0000 -64.0000 35.0000
832 -4.0000 -76.0000 7.0000
833 -6.0000 -67.0000 14.0000
834 -10.0000 -67.0000 16.0000
835 58.0000 -46.0000 0.0000
836 63.0000 -46.0000 0.0000
837 33.0000 19.0000 5.0000
838 33.0000 22.0000 10.0000
839 31.0000 29.0000 31.0000
840 31.0000 31.0000 36.0000
841 48.0000 -35.0000 10.0000
842 52.0000 -35.0000 10.0000
843 56.0000 -35.0000 10.0000
844 61.0000 -35.0000 10.0000
845 60.0000 -21.0000 22.0000
846 62.0000 -21.0000 21.0000
847 66.0000 -21.0000 21.0000
848 5.0000 -64.0000 14.0000
849 9.0000 -64.0000 14.0000
850 12.0000 -62.0000 14.0000
851 17.0000 -63.0000 14.0000
852 34.0000 -62.0000 13.0000
853 40.0000 -62.0000 12.0000
854 -10.0000 38.0000 20.0000
855 -26.0000 37.0000 30.0000
856 -29.0000 37.0000 32.0000
857 -33.0000 37.0000 35.0000
858 -36.0000 37.0000 38.0000
859 -41.0000 36.0000 38.0000
860 -43.0000 36.0000 41.5000
861 -11.0000 6.0000 39.0000
862 -26.0000 6.0000 45.0000
863 -30.0000 7.0000 48.0000
864 -33.0000 7.0000 50.0000
865 -41.0000 9.0000 55.0000
866 -45.0000 10.0000 58.0000
867 11.0000 21.0000 -19.0000
868 30.0000 24.0000 -10.0000
869 33.0000 24.0000 -7.0000
870 36.0000 25.0000 -5.0000
871 41.0000 26.0000 -4.0000
872 24.0000 41.0000 29.0000
873 27.0000 42.0000 32.0000
874 30.0000 44.0000 35.0000
875 34.0000 45.0000 39.0000
876 8.0000 8.0000 35.0000
877 11.0000 9.0000 37.0000
878 26.0000 10.0000 44.0000
879 29.0000 11.0000 45.0000
880 40.0000 14.0000 52.0000
881 44.0000 16.0000 55.0000
882 45.0000 8.0000 -33.0000
883 48.0000 9.0000 -34.0000
884 52.0000 10.0000 -34.0000
885 57.0000 10.0000 -34.0000
886 57.0000 -12.0000 -25.0000
887 61.0000 -12.0000 -25.0000
888 -37.0000 10.0000 -6.0000
889 -36.0000 8.0000 -3.0000
890 -36.0000 7.0000 1.0000
891 -36.0000 5.0000 4.0000
892 -35.0000 4.0000 7.0000
893 -35.0000 2.0000 11.0000
894 -34.0000 0.0000 15.0000
895 -11.0000 7.0000 46.0000
896 -11.0000 6.0000 50.0000
897 -11.0000 5.0000 55.0000
898 -12.0000 0.0000 62.0000
899 -12.0000 -2.0000 65.0000
900 -11.0000 -4.0000 70.0000
901 -12.0000 -6.0000 75.0000
902 -9.0000 -7.0000 35.5000
903 -9.0000 -8.0000 38.0000
904 -10.0000 -9.0000 42.0000
905 -11.0000 -11.0000 44.5000
906 -11.0000 -12.5000 49.0000
907 -12.0000 -17.0000 60.0000
908 -13.0000 -18.0000 65.0000
909 -13.0000 -19.0000 69.0000
910 -14.0000 -20.0000 73.0000
911 -14.0000 -21.0000 77.0000
912 -15.0000 -22.0000 82.0000
913 9.0000 35.0000 18.0000
914 13.0000 35.0000 19.0000
915 35.0000 42.0000 31.0000
916 40.0000 43.0000 33.0000
917 10.0000 20.0000 30.5000
918 37.0000 25.0000 45.0000
919 41.0000 26.0000 47.0000
920 44.0000 28.0000 49.0000
921 8.0000 35.0000 31.0000
922 9.0000 35.0000 35.0000
923 13.0000 39.0000 48.0000
924 15.0000 41.0000 54.0000
925 19.0000 -4.0000 -25.0000
926 23.0000 -3.0000 -26.0000
927 26.0000 -2.0000 -26.0000
928 30.0000 -2.0000 -27.0000
929 27.0000 -14.0000 -22.0000
930 31.0000 -14.0000 -22.0000
931 34.0000 -13.0000 -22.0000
932 -12.0000 28.0000 -12.0000
933 -34.0000 33.0000 -4.0000
934 -39.0000 36.0000 -2.0000
935 -44.0000 37.0000 -1.0000
936 -47.5000 39.0000 2.0000
937 -9.0000 36.0000 9.0000
938 -36.5000 35.0000 17.0000
939 -42.0000 35.0000 17.0000
940 -46.0000 34.0000 20.0000
941 -5.5000 -50.0000 17.0000
942 -9.5000 -52.0000 18.5000
943 -13.0000 -53.5000 20.0000
944 -18.0000 -55.0000 23.0000
945 -59.0000 -48.0000 -8.0000
946 -64.0000 -50.0000 -7.0000
947 26.0000 -50.0000 60.0000
948 34.0000 -83.0000 1.0000
949 37.0000 -82.0000 1.0000
950 41.0000 -82.0000 2.0000
951 -4.0000 36.0000 -9.0000
952 -9.0000 37.0000 -11.0000
953 -7.0000 35.0000 19.0000
954 -6.0000 8.0000 27.0000
955 -11.0000 9.0000 30.0000
956 -38.0000 15.0000 34.0000
957 -20.0000 14.0000 56.0000
958 -24.0000 15.0000 59.0000
959 -28.5000 17.0000 62.5000
960 -25.0000 -24.0000 -12.0000
961 7.0000 32.0000 -17.0000
962 11.0000 31.0000 -16.0000
963 18.0000 30.0000 -13.0000
964 23.0000 30.0000 -13.0000
965 30.0000 30.0000 -12.0000
966 34.5000 30.0000 -9.0000
967 39.0000 31.0000 -7.0000
968 7.0000 34.0000 18.0000
969 12.0000 33.0000 19.0000
970 33.5000 33.0000 21.0000
971 39.0000 33.0000 21.0000
972 40.0000 -6.0000 -7.0000
973 40.0000 -27.0000 -17.0000
974 6.0000 -6.0000 50.0000
975 8.0000 -3.0000 55.0000
976 13.0000 2.0000 62.0000
977 15.0000 6.0000 67.0000
978 33.0000 -7.0000 40.0000
979 38.0000 -7.0000 42.0000
980 43.0000 -6.0000 44.0000
981 48.5000 -6.0000 45.0000
982 11.0000 -60.0000 -1.0000
983 15.0000 -60.0000 0.0000
984 -11.0000 35.0000 4.0000
985 -35.0000 37.0000 17.0000
986 -39.0000 37.0000 20.0000
987 -7.0000 8.0000 33.0000
988 -12.0000 9.0000 34.0000
989 -16.0000 11.0000 35.0000
990 -36.0000 15.0000 37.0000
991 10.0000 37.0000 1.5000
992 13.0000 39.0000 3.5000
993 27.0000 42.0000 10.0000
994 31.0000 43.0000 14.0000
995 9.0000 11.0000 33.0000
996 13.0000 12.0000 33.0000
997 -31.0000 -35.0000 -2.0000
998 -42.0000 -35.0000 -3.0000
999 -47.0000 -35.0000 -4.0000
1000 -52.0000 -35.0000 -2.0000
1001 -58.0000 -35.0000 -3.5000
1002 -63.0000 -35.0000 -4.0000
1003 -69.0000 -35.0000 -6.0000
1004 -10.0000 -48.0000 25.0000
1005 -43.0000 -48.0000 23.0000
1006 -49.0000 -46.0000 22.0000
1007 -8.0000 -50.5000 45.0000
1008 -13.0000 -50.0000 45.0000
1009 -24.0000 -51.0000 47.0000
1010 -28.0000 -52.0000 49.0000
1011 -33.0000 -52.0000 48.0000
1012 -39.0000 -52.0000 49.0000
1013 -44.0000 -52.0000 50.0000
1014 -23.0000 -69.0000 30.0000
1015 -27.0000 -70.0000 31.0000
1016 -33.0000 -69.0000 32.0000
1017 -37.0000 -69.0000 33.0000
1018 -42.0000 -68.0000 33.0000
1019 -5.0000 29.0000 25.0000
1020 -6.0000 28.0000 29.0000
1021 -6.0000 29.0000 33.0000
1022 -6.0000 29.0000 37.0000
1023 -7.0000 29.0000 40.5000
1024 -7.0000 29.0000 45.0000
1025 -9.0000 32.0000 58.0000
1026 -6.0000 10.5000 37.0000
1027 -7.0000 12.0000 39.0000
1028 -8.0000 12.0000 42.5000
1029 -13.0000 16.0000 61.0000
1030 -15.0000 18.0000 64.0000
1031 9.0000 22.0000 -19.0000
1032 12.0000 22.0000 -17.0000
1033 28.0000 24.0000 -8.0000
1034 31.0000 25.0000 -7.0000
1035 34.0000 25.0000 -4.5000
1036 11.0000 31.0000 22.0000
1037 11.0000 31.0000 27.0000
1038 13.0000 29.0000 51.0000
1039 12.5000 31.0000 55.0000
1040 13.0000 32.0000 60.0000
1041 13.0000 33.0000 66.0000
1042 36.0000 19.0000 25.0000
1043 35.0000 21.0000 34.0000
1044 34.0000 21.0000 38.0000
1045 32.0000 23.0000 47.0000
1046 28.0000 -10.0000 -24.0000
1047 32.0000 -9.0000 -24.0000
1048 35.0000 -9.0000 -24.0000
1049 37.0000 -9.0000 -25.0000
1050 13.0000 -54.0000 16.0000
1051 12.5000 -57.0000 18.0000
1052 39.0000 -48.0000 40.0000
1053 42.0000 -49.0000 41.0000
1054 45.0000 -50.5000 42.0000
1055 50.0000 -53.0000 44.0000
1056 26.0000 -62.0000 46.0000
1057 29.0000 -62.0000 47.0000
1058 33.0000 -62.0000 49.0000
1059 37.0000 -64.0000 53.0000
1060 42.0000 -64.0000 55.0000
1061 -30.5000 -30.0000 -7.0000
1062 -36.0000 -32.0000 -6.0000
1063 7.0000 31.0000 -7.5000
1064 35.0000 37.0000 -5.0000
1065 40.0000 39.0000 -4.0000
1066 46.0000 40.0000 -3.0000
1067 0.0000 21.0000 28.0000
1068 5.0000 22.0000 27.0000
1069 10.0000 23.0000 27.0000
1070 15.0000 24.0000 26.0000
1071 11.0000 -42.0000 32.0000
1072 17.0000 -44.0000 32.0000
1073 48.0000 -50.0000 32.5000
1074 43.0000 -10.0000 13.0000
1075 42.0000 -14.0000 18.0000
1076 -6.0000 34.0000 -22.0000
1077 -10.0000 34.0000 -21.0000
1078 -26.0000 33.0000 -15.0000
1079 8.0000 -42.0000 36.0000
1080 32.0000 -41.0000 41.0000
1081 35.0000 -40.0000 42.0000
1082 39.0000 -40.0000 43.0000
1083 43.0000 -39.0000 43.5000
1084 -48.0000 -37.0000 5.0000
1085 -51.0000 -37.0000 6.0000
1086 -37.0000 -56.0000 27.0000
1087 -54.0000 -33.0000 -16.0000
1088 -58.0000 -33.0000 -16.0000
1089 -62.0000 -34.0000 -16.0000
1090 -7.0000 -84.0000 1.0000
1091 -11.0000 -83.0000 1.0000
1092 -14.0000 -84.0000 3.0000
1093 -18.0000 -83.0000 3.0000
1094 -33.0000 -82.0000 4.0000
1095 -37.0000 -82.0000 4.0000
1096 -40.0000 -82.0000 4.0000
1097 -43.0000 -82.0000 4.0000
1098 -11.5000 29.0000 16.0000
1099 -36.0000 27.0000 19.0000
1100 -41.0000 27.0000 17.0000
1101 -47.0000 27.0000 18.0000
1102 -9.0000 8.0000 40.0000
1103 -13.0000 10.0000 43.0000
1104 -17.0000 12.0000 47.0000
1105 -22.0000 13.0000 50.0000
1106 -27.0000 15.0000 53.0000
1107 -32.0000 17.0000 58.0000
1108 -37.0000 19.0000 60.0000
1109 -40.0000 39.0000 3.0000
1110 -42.0000 40.0000 7.0000
1111 -45.0000 40.0000 8.0000
1112 -31.0000 45.0000 25.0000
1113 -35.0000 44.0000 28.0000
1114 -38.0000 46.0000 31.0000
1115 -42.0000 45.0000 33.0000
1116 37.0000 11.0000 38.0000
1117 40.0000 11.0000 38.0000
1118 45.0000 10.0000 37.0000
1119 48.0000 10.0000 36.0000
1120 52.0000 10.0000 37.0000
1121 57.0000 9.5000 37.0000
1122 63.0000 10.0000 37.0000
1123 -28.0000 29.0000 -5.5000
1124 -31.0000 30.0000 -3.0000
1125 -35.0000 31.0000 -1.0000
1126 -30.0000 35.0000 24.0000
1127 -9.0000 22.0000 25.0000
1128 -12.0000 20.0000 28.0000
1129 -16.0000 21.0000 30.0000
1130 -51.0000 -21.0000 -17.0000
1131 39.0000 -16.0000 -25.0000
1132 45.0000 -15.0000 -25.0000
1133 50.0000 -15.0000 -25.0000
1134 55.0000 -15.0000 -26.0000
1135 61.0000 -16.0000 -26.0000
1136 67.0000 -15.0000 -28.0000
1137 -47.0000 -43.0000 22.5000
1138 -53.0000 -42.0000 22.0000
1139 -18.0000 -60.0000 1.0000
1140 -24.0000 -60.0000 1.0000
1141 -40.0000 -62.0000 0.0000
1142 -44.5000 -62.5000 -2.0000
1143 -49.0000 -62.0000 -2.5000
1144 -6.0000 56.0000 -10.0000
1145 -8.0000 55.0000 -7.0000
1146 -26.0000 55.0000 6.0000
1147 -29.0000 55.0000 9.0000
1148 -4.0000 27.0000 21.0000
1149 -7.0000 19.0000 -18.0000
1150 -47.0000 42.0000 -8.0000
1151 -30.0000 34.0000 -13.0000
1152 -34.0000 34.0000 -13.0000
1153 -38.0000 35.0000 -12.0000
1154 -42.0000 36.0000 -13.0000
1155 -39.0000 41.5000 3.5000
1156 -42.0000 41.5000 3.5000
1157 -14.0000 -55.0000 29.0000
1158 34.0000 40.0000 5.0000
1159 37.0000 41.0000 6.5000
1160 -43.0000 -2.0000 -27.0000
1161 -48.0000 -1.0000 -28.0000
1162 -55.0000 0.0000 -29.0000
1163 -60.5000 -1.0000 -29.0000
1164 -66.5000 -1.0000 -30.0000
1165 -61.5000 -18.5000 -27.5000
1166 -67.5000 -18.0000 -31.0000
1167 -53.0000 -41.0000 -9.0000
1168 -58.0000 -42.0000 -9.0000
1169 5.0000 2.0000 42.0000
1170 32.0000 -2.5000 44.0000
1171 37.0000 -3.0000 46.0000
1172 40.0000 -1.0000 9.0000
1173 44.0000 -1.0000 11.0000
1174 47.0000 -1.0000 12.0000
1175 64.0000 2.0000 19.0000
1176 66.0000 2.0000 20.0000
1177 7.0000 34.0000 55.0000
1178 10.0000 33.0000 54.0000
1179 14.0000 32.0000 54.5000
1180 17.0000 30.0000 55.0000
1181 22.0000 29.0000 56.0000
1182 25.0000 26.0000 55.0000
1183 29.0000 25.0000 56.0000
1184 33.0000 24.0000 57.0000
1185 36.0000 23.0000 57.5000
1186 7.0000 3.0000 60.0000
1187 15.0000 2.0000 60.0000
1188 19.0000 0.0000 60.0000
1189 23.0000 0.0000 61.0000
1190 26.0000 0.0000 62.0000
1191 30.0000 -1.0000 62.0000
1192 35.0000 -2.0000 61.0000
1193 38.0000 -2.0000 61.0000
1194 52.0000 -1.0000 -24.0000
1195 56.0000 0.0000 -24.0000
1196 60.0000 1.0000 -23.0000
1197 16.5000 -38.0000 -2.0000
1198 23.0000 -38.0000 0.0000
1199 26.0000 -38.0000 -1.0000
1200 31.0000 -39.0000 -1.0000
1201 68.0000 -26.0000 -15.0000
1202 12.0000 25.0000 -22.0000
1203 42.0000 30.0000 -10.0000
1204 45.0000 31.0000 -8.0000
1205 53.0000 32.0000 -6.5000
1206 57.0000 34.0000 -6.0000
1207 -53.0000 -7.0000 -28.0000
1208 -57.0000 -16.0000 -23.0000
1209 -60.0000 -16.0000 -24.0000
1210 -12.0000 29.0000 -21.0000
1211 -17.0000 28.0000 -19.0000
1212 -21.0000 29.0000 -18.0000
1213 -45.0000 29.0000 -3.0000
1214 -13.0000 24.0000 -5.5000
1215 -19.0000 24.0000 -4.5000
1216 -25.0000 25.0000 -3.0000
1217 -31.0000 25.0000 -3.0000
1218 -37.0000 26.0000 -1.0000
1219 -43.0000 26.0000 -2.0000
1220 -48.0000 27.0000 0.5000
1221 -53.0000 28.0000 0.0000
1222 -15.0000 -40.0000 45.0000
1223 -21.0000 -41.0000 46.0000
1224 -32.0000 -43.0000 47.0000
1225 -38.0000 -43.0000 48.0000
1226 -43.0000 -43.0000 50.0000
1227 -49.0000 -43.0000 51.0000
1228 -38.0000 11.0000 25.0000
1229 -38.0000 14.0000 29.0000
1230 -27.0000 -10.0000 -14.0000
1231 -32.0000 -9.0000 -17.0000
1232 -47.0000 -7.0000 -22.0000
1233 -53.0000 -6.0000 -22.0000
1234 -57.0000 -4.0000 -24.0000
1235 -28.0000 -17.0000 -13.0000
1236 -33.0000 -16.0000 -15.0000
1237 -39.0000 -16.0000 -16.0000
1238 -49.5000 -14.5000 -16.5000
1239 -56.0000 -13.0000 -19.0000
1240 -28.0000 -28.0000 -7.0000
1241 -33.5000 -29.5000 -7.5000
1242 -50.0000 -35.0000 -7.0000
1243 -56.0000 -36.0000 -7.5000
1244 -62.0000 -38.0000 -9.0000
1245 -38.5000 -11.5000 -19.5000
1246 -48.0000 -12.0000 -18.0000
1247 -54.0000 -12.0000 -18.0000
1248 -58.0000 -12.0000 -18.0000
1249 -63.0000 -12.0000 -19.0000
1250 -6.0000 31.0000 -18.0000
1251 -11.0000 33.0000 -17.0000
1252 -14.5000 33.5000 -15.5000
1253 -12.5000 36.0000 14.0000
1254 -34.5000 36.0000 17.5000
1255 -16.0000 23.0000 29.0000
1256 -32.0000 27.0000 32.0000
1257 -36.5000 28.0000 33.5000
1258 -31.5000 -18.0000 11.0000
1259 -32.0000 -22.0000 15.0000
1260 -31.0000 -26.0000 21.0000
1261 41.5000 -30.0000 26.0000
1262 46.0000 -29.0000 27.0000
1263 49.0000 -29.0000 28.0000
1264 55.0000 -30.0000 28.0000
1265 58.0000 -29.0000 27.0000
1266 37.0000 -39.0000 16.0000
1267 40.0000 -38.0000 16.0000
1268 44.0000 -37.0000 16.0000
1269 49.0000 -35.0000 17.0000
1270 52.0000 -35.0000 16.0000
1271 58.0000 -34.0000 16.0000
1272 -11.0000 4.0000 44.0000
1273 -13.5000 4.0000 48.0000
1274 -19.0000 5.0000 59.0000
1275 -21.0000 6.0000 65.0000
1276 -23.0000 7.0000 69.0000
1277 -10.0000 27.0000 -14.0000
1278 -15.0000 42.0000 7.0000
1279 -18.0000 42.0000 10.0000
1280 -37.0000 44.5000 10.0000
1281 -40.0000 44.0000 10.0000
1282 -44.0000 45.0000 10.0000
1283 -47.0000 46.0000 11.0000
1284 -11.0000 -42.0000 23.0000
1285 -45.0000 -46.0000 25.0000
1286 -48.0000 -46.0000 26.0000
1287 -51.0000 -46.0000 27.0000
1288 -38.0000 21.0000 7.0000
1289 -38.0000 23.0000 12.0000
1290 -38.0000 -45.0000 -17.0000
1291 -42.0000 -45.5000 -17.0000
1292 -45.0000 -46.0000 -16.0000
1293 -49.0000 -46.0000 -16.0000
1294 -52.0000 -47.0000 -17.0000
1295 -56.0000 -47.5000 -16.0000
1296 -59.0000 -48.0000 -16.0000
1297 -8.0000 41.0000 -3.0000
1298 -16.0000 41.0000 -3.0000
1299 -42.0000 39.0000 -1.0000
1300 -45.0000 38.0000 0.0000
1301 -51.0000 39.0000 1.0000
1302 -44.0000 -3.0000 -24.0000
1303 -49.0000 -4.0000 -25.0000
1304 -54.5000 -3.0000 -23.0000
1305 -60.0000 -4.0000 -24.0000
1306 -52.0000 -16.0000 -18.0000
1307 -57.0000 -16.0000 -18.0000
1308 -63.0000 -16.0000 -17.0000
1309 -68.0000 -16.0000 -18.0000
1310 -56.0000 -29.0000 -15.0000
1311 -61.0000 -30.0000 -13.0000
1312 -68.0000 -30.0000 -14.0000
1313 3.0000 -48.0000 55.0000
1314 9.0000 -50.0000 57.0000
1315 13.0000 -51.0000 58.0000
1316 17.0000 -54.0000 60.0000
1317 23.0000 -56.0000 62.0000
1318 28.0000 -58.0000 63.0000
1319 33.0000 -60.5000 65.0000
1320 11.0000 -37.0000 39.0000
1321 16.0000 -37.0000 40.5000
1322 22.0000 -38.0000 40.0000
1323 33.0000 -40.0000 40.0000
1324 38.0000 -41.0000 42.0000
1325 43.0000 -40.0000 43.0000
1326 13.0000 -75.0000 24.0000
1327 18.0000 -76.0000 24.0000
1328 24.0000 -76.0000 26.0000
1329 28.0000 -76.0000 25.0000
1330 10.5000 -74.0000 5.5000
1331 16.0000 -74.0000 7.0000
1332 36.0000 -76.0000 5.0000
1333 41.0000 -75.0000 6.0000
1334 -12.0000 33.0000 -23.0000
1335 -16.0000 33.0000 -21.0000
1336 -19.0000 33.0000 -20.0000
1337 -22.5000 34.0000 -18.0000
1338 -26.0000 34.0000 -17.0000
1339 -30.0000 34.0000 -15.0000
1340 -32.0000 35.0000 -13.0000
1341 -36.0000 35.0000 -11.0000
1342 -39.0000 36.0000 -10.0000
1343 -50.0000 -36.0000 9.0000
1344 -54.0000 -36.0000 9.0000
1345 -58.0000 -36.0000 9.0000
1346 -61.0000 -35.0000 10.0000
1347 -66.0000 -34.0000 9.0000
1348 -70.0000 -34.0000 9.0000
1349 6.0000 34.0000 -18.0000
1350 8.0000 34.0000 -16.0000
1351 11.0000 34.0000 -15.0000
1352 46.0000 -38.0000 15.0000
1353 58.0000 -39.0000 15.0000
1354 62.0000 -38.0000 14.0000
1355 64.0000 -38.0000 14.0000
1356 68.0000 -37.0000 13.0000
1357 -44.0000 -20.0000 3.0000
1358 -48.0000 -20.0000 3.0000
1359 -54.0000 -20.0000 2.0000
1360 -59.5000 -19.0000 2.0000
1361 -65.0000 -18.0000 1.0000
1362 -70.0000 -17.0000 2.0000
1363 -32.5000 37.0000 15.0000
1364 -39.0000 37.0000 16.0000
1365 -44.0000 38.0000 17.0000
1366 -12.0000 -47.0000 28.0000
1367 -18.0000 -47.0000 29.0000
1368 -41.0000 -47.0000 30.0000
1369 -47.0000 -47.0000 30.0000
1370 -53.5000 -47.0000 31.0000
1371 -5.5000 -85.5000 18.0000
1372 -21.5000 -91.0000 18.0000
1373 -28.0000 -91.0000 18.0000
1374 -41.0000 -38.0000 1.0000
1375 -46.0000 -37.0000 2.0000
1376 -50.0000 -36.0000 3.0000
1377 -56.5000 -36.0000 5.0000
1378 -61.0000 -35.0000 5.0000
1379 -66.5000 -35.0000 6.0000
1380 -12.0000 -93.0000 -8.0000
1381 -18.0000 -95.0000 -7.0000
1382 -24.0000 -96.0000 -5.0000
1383 -14.0000 -87.0000 6.0000
1384 -19.0000 -89.0000 6.0000
1385 -25.0000 -90.0000 7.0000
1386 -30.0000 -91.0000 9.0000
1387 -9.0000 33.0000 -17.0000
1388 -13.0000 34.5000 -16.0000
1389 -32.0000 35.0000 -7.0000
1390 -45.0000 0.0000 -27.0000
1391 -49.0000 0.0000 -27.0000
1392 -53.0000 0.0000 -29.0000
1393 -43.0000 -20.0000 -22.0000
1394 -46.0000 -20.0000 -22.0000
1395 -50.0000 -21.0000 -21.0000
1396 -54.0000 -20.0000 -22.0000
1397 -59.0000 -21.0000 -22.0000
1398 -41.0000 -44.0000 -11.0000
1399 -45.0000 -45.0000 -11.0000
1400 -48.0000 -45.0000 -10.0000
1401 -51.0000 -46.0000 -9.0000
1402 -55.0000 -47.0000 -10.0000
1403 -59.0000 -48.0000 -9.0000
1404 -64.0000 -49.0000 -10.0000
1405 11.0000 31.0000 -24.0000
1406 22.0000 32.0000 -20.0000
1407 26.0000 33.0000 -19.0000
1408 29.0000 33.0000 -17.0000
1409 31.0000 34.0000 -15.0000
1410 34.0000 35.0000 -13.0000
1411 51.0000 -24.0000 -20.5000
1412 54.0000 -22.0000 -23.0000
1413 57.0000 -21.0000 -23.0000
1414 60.0000 -21.0000 -23.0000
1415 50.0000 -34.0000 -7.0000
1416 54.0000 -34.0000 -7.0000
1417 58.0000 -34.0000 -7.0000
1418 60.0000 -34.0000 -6.0000
1419 64.0000 -33.0000 -6.0000
1420 -38.0000 -2.5000 -24.0000
1421 -40.0000 -2.0000 -25.0000
1422 -44.0000 -2.0000 -26.0000
1423 -48.0000 -1.0000 -27.0000
1424 -51.0000 -14.0000 -17.0000
1425 -44.0000 -47.0000 4.5000
1426 -46.0000 -50.0000 7.0000
1427 44.0000 -21.0000 -22.0000
1428 43.0000 -58.0000 -3.0000
1429 44.0000 -61.0000 -1.0000
1430 36.0000 -34.5000 -13.0000
1431 40.0000 -36.0000 -11.0000
1432 53.0000 -44.0000 -4.0000
1433 59.0000 -46.0000 -2.0000
1434 65.0000 -49.0000 -3.0000
1435 69.0000 -51.0000 1.0000
1436 49.0000 -40.0000 1.0000
1437 55.0000 -40.0000 3.0000
1438 63.0000 -40.0000 2.0000
1439 69.0000 -40.0000 2.5000
1440 74.0000 -40.0000 3.0000
1441 43.0000 -57.0000 -1.0000
1442 49.0000 -60.0000 0.0000
1443 55.0000 -62.0000 -1.0000
1444 61.0000 -64.0000 -2.0000
1445 16.5000 -55.0000 13.5000
1446 23.0000 -56.0000 14.0000
1447 28.0000 -58.0000 14.0000
1448 37.5000 -60.0000 15.0000
1449 44.4292 14.6349 42.7050
1450 46.5236 11.3733 31.6901
1451 48.8967 6.2999 22.9285
1452 10.5020 -65.7162 4.9781
1453 18.2276 -65.8814 -6.3365
1454 43.5000 31.5652 -11.7826
1455 44.4762 23.2143 -7.0000
1456 43.9762 12.1893 -0.0500
1457 42.3333 40.4583 17.1458
1458 43.0764 30.4352 23.7894
1459 43.7460 22.0899 30.3042
1460 45.0238 13.4805 36.7024
1461 62.1096 -59.9583 8.1431
1462 63.2346 -53.3542 20.4139
1463 60.6292 -46.0292 29.9792
1464 57.0250 -37.6274 38.0476
1465 69.4231 -23.1154 3.9615
1466 65.2553 -10.1947 19.3024
1467 63.5200 -3.7400 27.6200
1468 60.0000 0.9835 35.8087
1469 28.4792 -53.6971 75.9167
1470 27.2333 -40.8513 76.8167
1471 24.7125 -28.7792 76.2333
1472 21.9792 -19.1060 75.5580
1473 39.0200 -10.4800 -7.7200
1474 43.5000 -5.3077 -9.1923
1475 50.7667 28.6833 -11.5500
1476 49.2083 38.3958 -5.8125
1477 65.1200 0.0400 12.5200
1478 61.1400 6.0625 22.2025
1479 47.0208 24.8759 47.1857
1480 36.5000 29.6467 55.2274
1481 25.4762 32.8393 61.3661
1482 8.0000 57.2582 35.7909
1483 5.5200 23.3200 34.2400
1484 6.0000 38.0200 39.3000
1485 4.5467 13.9402 41.7696
1486 5.5217 25.6486 45.4529
1487 33.0508 44.5899 48.5681
1488 28.7794 38.0561 55.6324
1489 21.7742 31.2155 61.5081
1490 66.5000 -16.3902 24.8826
1491 63.7407 -2.0472 34.6000
1492 57.1028 11.1398 41.6897
1493 50.3621 20.2192 45.1897
1494 7.5227 38.4318 -22.2591
1495 17.5436 32.3693 -18.2008
1496 26.5208 28.9158 -13.8243
1497 30.0716 60.6026 4.9049
1498 37.7421 54.5833 1.7168
1499 42.5744 47.5192 -1.1689
1500 23.0000 -38.9750 35.4500
1501 21.0000 -47.0000 43.0000
1502 18.8333 -55.0625 50.5000
1503 16.6026 -63.0240 58.0000
1504 15.0609 -70.9615 65.5000
1505 35.7121 -59.1861 12.7056
1506 37.2571 -68.1095 18.2810
1507 38.2571 -77.5143 25.2571
1508 39.7115 -86.4231 32.0385
1509 43.4643 -71.4732 47.8393
1510 50.9643 -66.4524 42.5476
1511 56.0500 -60.5667 37.6333
1512 61.5143 -52.1857 33.5857
1513 24.9524 -42.9524 42.1190
1514 55.6190 -46.1190 63.0357
1515 61.0833 -39.5833 56.2500
1516 59.0000 22.2500 22.0000
1517 67.4722 -32.7222 19.3056
1518 68.5000 -44.5000 19.0000
1519 2.2500 -8.2500 47.0000
1520 3.0000 -13.5000 58.0000
1521 3.5000 -16.5000 69.0000
1522 2.0000 -25.7500 52.5000
1523 2.0000 -26.2500 61.2500
1524 4.0000 -26.7500 71.2500
1525 2.0000 -34.7500 56.2500
1526 3.7500 -36.7500 66.7500
1527 5.5278 -39.2222 76.3056
1528 38.5000 -9.2500 9.4167
1529 38.5000 -11.0000 11.0000
1530 35.5000 -4.7500 10.0000
1531 57.3000 7.0000 -27.1500
1532 61.5000 0.0000 -19.7500
1533 66.3000 -7.5000 -12.9000
1534 51.5217 29.3163 7.4152
1535 53.4979 18.2484 6.5414
1536 51.0000 39.2008 18.9451
1537 54.5000 29.4280 18.4223
1538 54.7333 18.7530 18.6015
1539 56.2333 7.7580 18.2616
1540 44.0625 40.4345 32.6101
1541 50.4783 32.2878 31.7650
1542 53.9783 21.8261 30.9130
1543 56.5000 9.6878 29.9157
1544 59.0238 -2.5648 28.8867
1545 59.7479 -14.2841 28.2184
1546 26.7894 -79.6424 -7.4667
1547 36.2667 -74.6652 -8.5576
1548 44.2121 -69.9924 -7.9697
1549 59.5000 -55.4524 1.6190
1550 36.2143 -88.6412 20.0860
1551 44.5238 -80.3853 22.1158
1552 51.6280 -71.5804 21.4643
1553 57.5000 16.5326 -15.9481
1554 61.5000 15.0326 -14.9481
1555 54.0000 38.8800 2.4000
1556 56.4792 32.0025 4.0333
1557 57.9792 24.5625 4.7333
1558 58.5000 17.4130 7.7478
1559 60.2667 10.9130 9.8978
1560 63.7667 3.3400 8.7700
1561 54.0000 41.3500 18.5000
1562 57.5000 34.4967 18.3326
1563 59.0000 26.5899 19.6917
1564 60.0000 20.0682 20.8091
1565 63.8276 13.6034 20.6586
1566 69.3276 5.0784 20.3086
1567 74.0000 -4.5726 20.9310
1568 9.5238 29.9274 -29.8786
1569 20.0238 35.2024 -26.9286
1570 41.0000 33.0600 -19.7000
1571 47.5000 28.5850 -13.7500
1572 34.4773 13.5309 5.4273
1573 40.5011 15.6861 0.7749
1574 35.5000 10.7619 4.9286
1575 41.0227 12.1169 2.8398
1576 60.4615 -16.1177 -8.5692
1577 36.6349 -27.5278 -33.7341
1578 39.4299 -25.6731 -33.6332
1579 41.8613 -23.0192 -34.1854
1580 46.5385 -18.2862 -36.4308
1581 37.9792 -26.5417 -32.5417
1582 45.4792 -28.1017 -32.0917
1583 54.0000 -30.5165 -32.6913
1584 64.0227 -29.6611 -29.3231
1585 71.5227 -22.7295 -21.3818
1586 71.5000 -13.1750 -12.9000
1587 36.5000 -88.9835 -16.8087
1588 46.8387 -81.5690 -15.5226
1589 54.8387 -74.0338 -13.7035
1590 64.5250 -60.9298 -10.3560
1591 73.0250 -45.5850 -6.7750
1592 73.5000 -34.3677 -3.4923
1593 70.5000 -19.7363 1.2839
1594 33.0476 -85.4643 19.3810
1595 37.5333 -79.3500 24.4667
1596 8.9500 -75.4000 -1.4500
1597 5.5000 -77.3333 30.0833
1598 51.5000 40.5000 20.2500
1599 52.0000 32.5000 27.7500
1600 52.7500 23.8333 34.2500
1601 58.9643 7.8095 30.7619
1602 55.0000 24.5833 0.7500
1603 33.3333 51.7500 -14.0000
1604 42.0000 48.8333 -13.3333
1605 11.3810 57.4643 43.8810
1606 14.4643 47.7143 49.4643
1607 18.0625 37.1875 54.6250
1608 20.4792 28.5208 59.1250
1609 22.0238 19.2619 64.0357
1610 23.5238 8.1508 69.2302
1611 25.4524 -3.2063 74.7302
1612 23.0833 34.5000 45.6667
1613 26.8500 26.0500 51.8000
1614 28.9333 16.9667 57.5500
1615 28.8929 52.7857 26.3214
1616 29.8929 41.9524 32.4048
1617 33.0000 32.4167 38.3333
1618 36.1071 23.0357 43.5714
1619 37.5000 13.5714 49.6429
1620 36.5000 49.1250 16.2500
1621 37.5208 38.6458 23.3750
1622 39.5476 29.0476 29.0357
1623 42.0476 19.4643 34.4524
1624 41.8500 44.6333 4.4667
1625 42.5000 34.5000 12.0000
1626 44.0625 24.8542 19.2083
1627 42.6667 38.6250 -6.5000
1628 45.7500 28.8750 1.2500
1629 48.9643 19.9643 8.7143
1630 52.0268 10.5893 15.0268
1631 55.0625 1.0417 22.1458
1632 46.3571 11.2922 -1.3961
1633 50.8571 2.8973 5.7545
1634 54.7500 -6.0312 12.7188
1635 42.2500 60.3000 -1.9500
1636 37.0000 65.3333 9.9167
1637 43.6696 10.4018 -41.1964
1638 50.6696 8.4018 -36.6964
1639 51.6429 3.5000 -27.8571
1640 52.3857 0.5857 -17.9857
1641 53.8500 -1.9500 -8.2000
1642 13.0000 -35.7692 85.5385
1643 40.5200 -28.9800 78.2600
1644 57.0000 -22.2308 57.9615
1645 63.0000 -19.2692 34.0385
1646 14.8214 63.2143 -9.0357
1647 48.9000 17.3750 -1.8000
1648 22.7500 37.7500 57.3611
1649 44.0000 30.8750 37.5000
1650 49.5000 17.1964 15.7857
1651 61.2500 -38.2786 -14.5143
1652 55.0000 -0.1786 24.4524
1653 57.0250 -35.4375 38.0125
1654 13.0000 -49.2714 36.8143
1655 14.3750 -49.1339 47.4018
1656 16.2321 -46.0625 59.9732
1657 36.6000 -7.0714 4.0143
1658 33.7222 -12.2937 13.6587
1659 30.5000 -17.7778 24.1667
1660 31.9167 -51.7976 -7.9881
1661 36.8750 -75.5000 2.2500
1662 52.8651 42.7222 6.8413
1663 55.7857 21.7143 13.6429
1664 56.0250 12.3625 37.0125
1665 34.5972 12.0069 66.9722
1666 14.4881 17.3095 73.3690
1667 9.0000 28.0714 -11.4643
1668 17.3125 25.9911 39.4643
1669 14.8651 20.2222 30.3413
1670 16.7857 20.0000 42.0714
1671 18.4554 19.8750 53.0982
1672 55.7500 -59.3857 -14.2286
1673 70.4500 -34.2125 -2.9875
1674 53.3333 -56.7167 44.3500
1675 62.6667 -28.7333 39.3833
1676 14.7500 -50.0500 41.4333
1677 14.5357 -52.0143 52.6714
1678 14.1607 -53.9643 63.5089
1679 38.0000 0.5000 1.0000
1680 37.4714 -7.7571 9.8857
1681 35.6429 -13.0714 17.4286
1682 38.1071 -54.4286 -5.3095
1683 27.1667 16.4167 8.4167
1684 28.0893 20.0714 27.9643
1685 28.5000 23.1429 39.6429
1686 45.3542 49.9444 -11.0347
1687 50.1667 40.9444 -7.7222
1688 53.5000 30.6250 -3.1250
1689 55.7500 21.6250 -0.6250
1690 58.6389 12.1667 1.2778
1691 63.6389 1.6667 3.7778
1692 39.3750 51.1000 20.5500
1693 46.6250 42.0000 20.2500
1694 52.4167 32.0556 20.2222
1695 56.7917 22.6806 17.7222
1696 49.2500 22.5417 38.7917
1697 54.5000 16.6667 33.1667
1698 58.5000 9.6667 24.6667
1699 59.5000 -33.7500 -19.5000
1700 62.7500 -31.3500 -12.3000
1701 58.2500 -51.3750 45.8750
1702 63.6500 -46.2500 37.2500
1703 65.7125 -40.2500 30.0625
1704 67.0625 -34.8333 21.9792
1705 66.5000 -28.6667 12.8333
1706 66.0500 -22.4333 4.6667
1707 49.9375 -50.1667 58.5208
1708 56.9375 -46.6667 53.0208
1709 61.5000 -39.4167 46.8333
1710 65.1667 -33.3333 37.7500
1711 66.6667 -28.0833 27.5000
1712 65.7500 -22.0000 19.7500
1713 63.7500 -16.3333 13.1667
1714 37.0000 -81.0000 42.5000
1715 36.3611 -72.6111 53.0972
1716 21.2500 -86.7500 47.5000
1717 22.2500 -79.5000 57.2500
1718 54.2917 -48.3750 39.0000
1719 59.4778 -52.3889 16.9111
1720 56.9500 -62.0000 17.9250
1721 64.3286 -33.2500 2.5857
1722 59.1429 -59.2857 5.1786
1723 65.8214 -16.1000 -11.0857
1724 66.2214 -25.1500 -10.0357
1725 66.9000 -33.6500 -9.0000
1726 66.1000 -41.6500 -8.5000
1727 63.6833 -49.8167 -8.0000
1728 1.6667 -84.9444 28.4722
1729 3.6667 -80.9444 43.9722
1730 3.6250 -77.5000 53.0000
1731 5.3750 -70.5000 66.3750
1732 2.2000 -97.5000 8.9500
1733 0.6364 -96.8636 24.5227
1734 1.3636 -96.8636 40.5227
1735 0.8333 -87.3444 7.0222
1736 0.7500 -85.4000 17.3000
1737 0.7500 -82.9167 28.1667
1738 1.7500 -80.9167 41.5417
1739 3.7500 -78.0000 54.6250
1740 20.9643 -77.0357 -14.2857
1741 30.5143 -69.4857 -12.2857
1742 47.2000 -54.9500 -14.2500
1743 54.4143 -44.9143 -12.7857
1744 65.3810 -33.5476 6.5357
1745 58.4143 11.4857 -0.7143
1746 63.6190 -28.9524 16.9643
1747 53.2857 27.9643 3.9643
1748 55.6190 33.4643 16.4524
1749 52.5833 40.5000 27.6667
1750 53.0500 31.9500 32.5000
1751 57.6071 -68.5893 0.5714
1752 58.1071 -65.2143 12.8214
1753 59.5000 -61.5000 26.5000
1754 59.4167 -55.7500 37.0833
1755 57.9167 -49.5000 45.8333
1756 57.0833 -45.4167 54.7500
1757 54.5152 -40.3030 61.2955
1758 58.6667 -52.6667 0.5000
1759 59.5833 -46.6667 13.0833
1760 63.0357 -42.1190 25.6190
1761 63.0357 -36.7857 36.2857
1762 59.5000 -31.1250 45.5000
1763 60.5357 3.8393 14.2143
1764 65.1190 -6.4524 15.9643
1765 71.1667 -16.8333 17.5000
1766 54.0000 22.2500 6.2500
1767 58.8750 7.5000 10.0000
1768 64.9583 -6.5000 13.6667
1769 48.4643 27.4643 -1.2857
1770 52.5357 15.0357 -0.2143
1771 1.0357 -2.0476 48.3810
1772 1.5000 4.5000 50.5000
