GD002Rt5 49.0000 9.0000 -6.0000
GD002Rt6 55.0000 10.0000 -6.0000
GD007Ry1 43.0000 -6.0000 -14.0000
GD011Rl9 63.0000 9.0000 -31.0000
GD017Lt_4 -48.0000 -3.0000 -3.0000
GD018Lt_01 -42.0000 3.0000 -12.0000
GD018Lt_02 -46.0000 3.0000 -11.0000
GD018Lt_03 -50.5000 4.0000 -11.0000
GD035Ri5 44.0000 16.0000 -38.0000
GD040Lt_02 -45.0000 6.0000 -7.0000
GD044Lt_3 -47.0000 -11.0000 -7.0000
MD050RA6 45.0000 8.0000 -33.0000
MD050RA7 48.0000 9.0000 -34.0000
MD050RA8 52.0000 10.0000 -34.0000
MD050RA9 57.0000 10.0000 -34.0000
MD089LA5 -38.0000 -2.5000 -24.0000
MD089LA6 -40.0000 -2.0000 -25.0000
NA093RU23 43.5000 -5.3077 -9.1923
NG100RG4 57.5000 16.5326 -15.9481
NG100RG5 61.5000 15.0326 -14.9481
NG103LT11 43.6696 10.4018 -41.1964
NG107LF17 63.6389 1.6667 3.7778
