GD004Rt6 56.0000 -12.0000 -2.0000
GD004Rt7 61.0000 -12.0000 -3.0000
GD005Lw_5 -60.0000 -4.0000 -3.0000
GD007Rz13 39.0000 -25.0000 31.0000
GD007Rz14 38.0000 -27.0000 36.0000
GD007Ry14 36.0000 -19.0000 41.0000
GD007Rf14 58.0000 -12.0000 40.0000
GD009Rj12 47.0000 -15.0000 57.0000
GD014Ry13 40.0000 -18.0000 34.0000
GD014Ry14 40.0000 -21.0000 38.0000
GD015Lr_7 -60.0000 -6.0000 17.0000
GD015Lr_8 -64.0000 -5.0000 17.0000
GD015Lr_9 -69.0000 -7.0000 16.0000
GD015Ls_7 -60.0000 -17.0000 22.0000
GD015Ls_8 -63.0000 -17.0000 22.0000
GD015Ls_9 -68.0000 -17.0000 23.0000
GD016Rj11 44.0000 -22.0000 60.0000
GD016Rj12 49.0000 -21.0000 61.0000
GD023Rz12 36.0000 -35.0000 43.0000
GD026Lr_7 -54.0000 -10.0000 36.5000
GD026Lr_8 -59.0000 -10.0000 37.0000
GD026Lr_9 -64.0000 -10.0000 37.0000
GD026Ls_2 -35.0000 -26.0000 32.0000
GD026Li_12 -46.0000 -15.0000 51.0000
GD026Li_13 -50.0000 -15.0000 52.0000
GD026Li_14 -56.0000 -15.0000 52.0000
GD026Lm_9 -37.0000 -26.0000 67.0000
GD026Lm_10 -41.0000 -28.0000 67.0000
GD026Lm_11 -47.0000 -27.0000 66.0000
GD026Ln_1 -7.0000 -39.0000 59.0000
GD026Ln_2 -10.0000 -40.0000 58.0000
GD026Ln_3 -15.0000 -40.0000 57.0000
GD029Ri12 46.0000 -22.0000 34.0000
GD029Ri13 50.0000 -22.0000 34.0000
GD037Lr_5 -68.0000 -11.0000 11.0000
GD044Lh_11 -38.0000 -17.0000 35.0000
GD044Lh_12 -42.0000 -18.0000 36.0000
GD044Lh_13 -47.0000 -19.0000 38.0000
GD045Rf6 41.0000 -18.0000 45.0000
GD045Rf7 45.0000 -18.0000 44.5000
GD045Rf8 50.0000 -18.0000 44.0000
GD047Lh_13 -51.5000 -12.0000 31.0000
GD047Lh_14 -56.0000 -11.0000 30.0000
GD047Lh_15 -60.0000 -11.0000 30.0000
GD047Ln_09 -39.0000 -32.0000 49.0000
GD047Ln_10 -42.0000 -31.0000 48.0000
GD047Ln_11 -46.0000 -30.0000 48.0000
NG093RF123 65.2553 -10.1947 19.3024
NG093RF124 63.5200 -3.7400 27.6200
NG093RF143 24.7125 -28.7792 76.2333
NG094RF41 66.5000 -16.3902 24.8826
NG094RF42 63.7407 -2.0472 34.6000
NA098RP81 2.0000 -34.7500 56.2500
NA098RP82 3.7500 -36.7500 66.7500
NA098RP83 5.5278 -39.2222 76.3056
NG099RG230 59.7479 -14.2841 28.2184
NG100RG31 74.0000 -4.5726 20.9310
NG104LP11 13.0000 -35.7692 85.5385
NG104LP13 40.5200 -28.9800 78.2600
NG104LP15 57.0000 -22.2308 57.9615
NG104LP17 63.0000 -19.2692 34.0385
NG110RG622 65.1190 -6.4524 15.9643
NG110RG623 71.1667 -16.8333 17.5000
NG110RG614 64.9583 -6.5000 13.6667
