GD001Lo_1 -1.0000 42.0000 -14.0000
GD001Lo_2 -4.0000 42.0000 -14.0000
GD001Lo_3 -8.0000 42.0000 -13.0000
GD001Lo_4 -12.0000 43.0000 -13.0000
GD012Lo_1 -9.0000 42.0000 -16.0000
GD025Lo_1 -1.0000 38.0000 -17.0000
GD025Lo_2 -4.0000 37.0000 -16.5000
GD025Lo_3 -8.0000 38.0000 -17.0000
MM056ROF1 7.0000 32.0000 -17.0000
MM056ROF2 11.0000 31.0000 -16.0000
MD071LFP1 -6.0000 56.0000 -10.0000
MD071LFP2 -8.0000 55.0000 -7.0000
MM078LOF1 -6.0000 31.0000 -18.0000
MM078LOF2 -11.0000 33.0000 -17.0000
MD084ROF1 6.0000 34.0000 -18.0000
MD084ROF2 8.0000 34.0000 -16.0000
MD084ROF3 11.0000 34.0000 -15.0000
MD088LOF1 -9.0000 33.0000 -17.0000
MD088LOF2 -13.0000 34.5000 -16.0000
