GD003Lf_3 -31.0000 -51.0000 -9.0000
GD003Lf_4 -36.0000 -51.0000 -9.0000
GD003Lf_5 -40.0000 -52.0000 -8.0000
GD007Rd1 31.0000 -35.0000 -14.0000
GD007Rd2 34.0000 -35.0000 -15.0000
GD007Rd3 38.0000 -35.0000 -14.0000
GD010Rf1 23.0000 -49.0000 -15.0000
GD010Rf2 27.0000 -49.0000 -14.0000
GD010Rf3 31.0000 -49.0000 -14.0000
GD010Rf4 35.0000 -49.0000 -14.0000
GD010Rf5 39.0000 -47.0000 -15.0000
GD017Rf1 26.0000 -41.0000 -20.0000
GD017Rf2 30.0000 -41.0000 -20.0000
GD017Rf3 34.0000 -41.0000 -20.0000
GD017Rf6 45.0000 -42.0000 -20.0000
GD025Lp_2 -26.0000 -53.5000 -18.0000
GD025Lp_3 -30.0000 -53.0000 -19.0000
GD025Lp_4 -34.0000 -54.0000 -19.0000
GD030Re4 39.0000 -18.0000 -24.0000
GD030Rf2 30.0000 -46.0000 -13.0000
GD039Lf_2 -26.0000 -58.0000 -10.0000
GD040Re03 39.0000 -23.0000 -25.0000
GD040Re04 43.0000 -23.0000 -25.0000
GD041Lf_1 -25.0000 -58.0000 -16.0000
GD041Lf_2 -30.0000 -57.0000 -16.0000
GD041Lf_5 -41.0000 -58.0000 -16.0000
GD041Lf_6 -45.0000 -57.0000 -18.0000
MM056RH1 40.0000 -27.0000 -17.0000
MD069RH3 39.0000 -16.0000 -25.0000
MD069RH4 45.0000 -15.0000 -25.0000
MD069RH5 50.0000 -15.0000 -25.0000
MD081LFus1 -38.0000 -45.0000 -17.0000
MD081LFus2 -42.0000 -45.5000 -17.0000
MD081LFus3 -45.0000 -46.0000 -16.0000
MD088LHa5 -43.0000 -20.0000 -22.0000
MD088LHp5 -41.0000 -44.0000 -11.0000
MD088LHp6 -45.0000 -45.0000 -11.0000
MD089RH5 44.0000 -21.0000 -22.0000
MM090RHp2 40.0000 -36.0000 -11.0000
NG100RT21 36.6349 -27.5278 -33.7341
NG100RT22 39.4299 -25.6731 -33.6332
NG100RT23 41.8613 -23.0192 -34.1854
NG100RT41 37.9792 -26.5417 -32.5417
NA106LH16 31.9167 -51.7976 -7.9881
NA106RH26 38.1071 -54.4286 -5.3095
