GD008Lm_2 -6.0000 17.0000 63.0000
GD008Lm_3 -10.0000 16.0000 62.0000
GD008Ln_5 -17.0000 2.0000 60.0000
GD009Rn03 13.0000 0.0000 56.0000
GD009Rn04 17.0000 0.0000 55.0000
GD009Rn05 20.0000 0.0000 54.0000
GD009Rn06 24.0000 0.0000 55.0000
GD009Rn07 27.0000 0.0000 55.0000
GD009Rb05 19.0000 -4.0000 43.0000
GD009Rb06 23.0000 -4.0000 44.0000
GD011Rx14 19.0000 21.0000 48.0000
GD011Ry11 22.0000 23.0000 31.0000
GD011Ry12 21.0000 23.0000 36.0000
GD011Ry13 19.0000 25.0000 41.0000
GD013Lz_3 -10.0000 13.0000 56.0000
GD013Lz_4 -12.0000 14.0000 59.0000
GD013Lz_5 -16.0000 15.5000 63.0000
GD016Rb4 13.0000 -8.0000 63.0000
GD016Rb5 18.0000 -7.0000 63.0000
GD016Rb6 22.0000 -7.0000 63.0000
GD016Rb7 27.0000 -8.0000 62.0000
GD018Ly_05 -11.0000 31.0000 50.0000
GD018Lf_05 -20.0000 40.0000 30.0000
GD018Lf_06 -22.0000 40.0000 32.0000
GD019Lf_5 -15.0000 16.0000 32.0000
GD019Lm_4 -12.0000 1.0000 33.0000
GD019Lm_5 -17.0000 0.0000 33.0000
GD020Re5 16.0000 47.0000 31.0000
GD020Rf4 11.0000 26.0000 48.0000
GD020Rf5 15.0000 26.0000 49.0000
GD020Rf6 21.0000 25.0000 48.0000
GD020Rm6 21.0000 4.0000 52.0000
GD020Rm7 25.0000 3.0000 53.0000
GD027Ra3 14.0000 9.0000 68.0000
GD027Ra4 16.0000 13.0000 71.0000
GD029Rm5 19.0000 -7.0000 61.0000
GD029Rm6 25.0000 -7.0000 61.0000
GD034Lx_14 -22.0000 11.0000 46.0000
MD052LSMAa6 -12.0000 0.0000 62.0000
MD052LSMAa7 -12.0000 -2.0000 65.0000
MD052LSMAa8 -11.0000 -4.0000 70.0000
MD052LSMAa9 -12.0000 -6.0000 75.0000
MD053RSMAa5 13.0000 39.0000 48.0000
MD053RSMAa6 15.0000 41.0000 54.0000
MM056LSMAa5 -20.0000 14.0000 56.0000
MM056LSMAa6 -24.0000 15.0000 59.0000
MM056LSMAa7 -28.5000 17.0000 62.5000
MM057RSMA4 13.0000 2.0000 62.0000
MM057RSMA5 15.0000 6.0000 67.0000
MD060LSMAa9 -9.0000 32.0000 58.0000
MD060LSMAp8 -13.0000 16.0000 61.0000
MD060LSMAp9 -15.0000 18.0000 64.0000
MD060RSMAa9 13.0000 29.0000 51.0000
MD060RSMAa10 12.5000 31.0000 55.0000
MD060RSMAa11 13.0000 32.0000 60.0000
MD060RSMAa12 13.0000 33.0000 66.0000
MM066LSMA3 -17.0000 12.0000 47.0000
MM066LSMA4 -22.0000 13.0000 50.0000
MM066LSMA5 -27.0000 15.0000 53.0000
MD074RSMAa1 7.0000 34.0000 55.0000
MD074RSMAa2 10.0000 33.0000 54.0000
MD074RSMAa3 14.0000 32.0000 54.5000
MD074RSMAa4 17.0000 30.0000 55.0000
MD074RSMAa5 22.0000 29.0000 56.0000
MD074RSMAa6 25.0000 26.0000 55.0000
MD074RSMAp3 15.0000 2.0000 60.0000
MD074RSMAp4 19.0000 0.0000 60.0000
MD074RSMAp5 23.0000 0.0000 61.0000
MD074RSMAp6 26.0000 0.0000 62.0000
MM080LSMAa4 -19.0000 5.0000 59.0000
MM080LSMAa5 -21.0000 6.0000 65.0000
MM080LSMAa6 -23.0000 7.0000 69.0000
NG094LF37 25.4762 32.8393 61.3661
NG094RF26 28.7794 38.0561 55.6324
NG094RF27 21.7742 31.2155 61.5081
NG103LG11 11.3810 57.4643 43.8810
NG103LG12 14.4643 47.7143 49.4643
NG103LG13 18.0625 37.1875 54.6250
NG103LG14 20.4792 28.5208 59.1250
NG103LG15 22.0238 19.2619 64.0357
NG103LG16 23.5238 8.1508 69.2302
NG103LG17 25.4524 -3.2063 74.7302
NG103LG111 23.0833 34.5000 45.6667
NG106LF11 14.8214 63.2143 -9.0357
NG106LF31 22.7500 37.7500 57.3611
NG106RF47 14.4881 17.3095 73.3690
NA106RF66 17.3125 25.9911 39.4643
NA106RF82 16.7857 20.0000 42.0714
NA106RF83 18.4554 19.8750 53.0982
