GD002Rb1 26.0000 -22.0000 -15.0000
GD002Rb2 30.0000 -21.0000 -15.0000
GD008Lb_1 -21.0000 -24.0000 -16.0000
GD008Lb_2 -25.0000 -24.0000 -15.0000
GD008Lb_3 -29.0000 -24.0000 -15.0000
GD018Lc_01 -29.0000 -13.0000 -16.0000
GD018Lc_02 -32.0000 -13.0000 -16.5000
GD031Lb_1 -22.0000 -25.0000 -8.0000
GD031Lb_2 -26.0000 -25.0000 -8.0000
GD031Lb_3 -29.0000 -25.0000 -9.0000
GD031Lb_4 -34.0000 -26.0000 -8.0000
GD033Rb2 32.0000 -17.0000 -15.0000
MD053RA1 19.0000 -4.0000 -25.0000
MD053RH1 27.0000 -14.0000 -22.0000
MD053RH2 31.0000 -14.0000 -22.0000
MD053RH3 34.0000 -13.0000 -22.0000
MM056LH2 -25.0000 -24.0000 -12.0000
MM059LH1 -31.0000 -35.0000 -2.0000
MD060RH1 28.0000 -10.0000 -24.0000
MD060RH2 32.0000 -9.0000 -24.0000
MD060RH3 35.0000 -9.0000 -24.0000
MD060RH4 37.0000 -9.0000 -25.0000
MM062LH1 -30.5000 -30.0000 -7.0000
MM062LH2 -36.0000 -32.0000 -6.0000
MD074RHp4 16.5000 -38.0000 -2.0000
MD074RHp5 23.0000 -38.0000 0.0000
MD074RHp6 26.0000 -38.0000 -1.0000
MD074RHp7 31.0000 -39.0000 -1.0000
MM077LA2 -32.0000 -9.0000 -17.0000
MM077LH2 -28.0000 -17.0000 -13.0000
MM077LH3 -33.0000 -16.0000 -15.0000
MM077LH4 -39.0000 -16.0000 -16.0000
MM077LHp1 -28.0000 -28.0000 -7.0000
MM077LHp2 -33.5000 -29.5000 -7.5000
MM078LH3 -38.5000 -11.5000 -19.5000
MM090RHp1 36.0000 -34.5000 -13.0000
