GD020Rp13 50.0000 -40.0000 51.0000
GD020Rp14 55.0000 -39.0000 53.0000
GD020Rv13 49.0000 -37.0000 31.0000
GD020Rv14 54.0000 -37.0000 31.0000
GD026Ls_6 -50.0000 -26.0000 32.0000
GD026Ls_7 -54.0000 -26.0000 32.0000
GD026Ls_8 -58.0000 -25.0000 32.0000
GD026Ls_9 -63.0000 -25.0000 32.0000
GD026Ln_12 -49.0000 -42.5000 52.0000
GD026Lj_11 -39.0000 -45.0000 38.0000
GD026Lj_12 -43.0000 -44.0000 37.0000
GD026Lj_13 -47.0000 -43.0000 37.0000
GD026Lj_14 -53.0000 -43.0000 37.0000
GD030Rv12 55.0000 -42.0000 26.0000
GD030Rv13 59.0000 -42.0000 26.0000
GD030Rv14 63.0000 -42.0000 26.0000
GD030Rv15 66.0000 -41.0000 26.0000
GD030Rv16 69.0000 -41.0000 25.0000
GD036LV_12 -49.0000 -42.0000 27.0000
GD036LV_15 -63.0000 -43.0000 28.0000
GD037Lv_14 -72.0000 -44.0000 25.0000
GD037Lv_12 -63.0000 -42.0000 25.0000
GD043Rv15 64.0000 -32.0000 30.0000
GD044Ld_6 -45.0000 -46.0000 13.0000
GD044Ld_7 -48.0000 -45.0000 15.0000
GD044Ld_8 -54.0000 -45.0000 16.0000
GD047Ln_12 -50.0000 -30.0000 47.0000
GD047Ln_13 -55.0000 -30.0000 49.0000
GD048Lv_12 -48.0000 -37.0000 28.0000
GD048Lv_13 -52.0000 -37.0000 28.0000
GD048Lv_14 -58.0000 -38.0000 28.0000
GD049Rs06 60.0000 -21.0000 22.0000
GD049Rs07 62.0000 -21.0000 21.0000
GD049Rs08 66.0000 -21.0000 21.0000
MM059LCi7 -43.0000 -48.0000 23.0000
MM059LCi8 -49.0000 -46.0000 22.0000
MD064RCp9 39.0000 -40.0000 43.0000
MD064RCp10 43.0000 -39.0000 43.5000
MM070LCp7 -47.0000 -43.0000 22.5000
MM070LCp8 -53.0000 -42.0000 22.0000
MM076LCp6 -43.0000 -43.0000 50.0000
MM076LCp7 -49.0000 -43.0000 51.0000
MD081LCp11 -45.0000 -46.0000 25.0000
MD081LCp12 -48.0000 -46.0000 26.0000
MD081LCp13 -51.0000 -46.0000 27.0000
MM083RCp7 43.0000 -40.0000 43.0000
MM085LCp6 -41.0000 -47.0000 30.0000
MM085LCp7 -47.0000 -47.0000 30.0000
MM085LCp8 -53.5000 -47.0000 31.0000
NG092RP23 60.6292 -46.0292 29.9792
NG092RP24 57.0250 -37.6274 38.0476
NG097LP13 55.6190 -46.1190 63.0357
NG097LP14 61.0833 -39.5833 56.2500
NG106LP14 57.0250 -35.4375 38.0125
NG106RP24 62.6667 -28.7333 39.3833
NG107LT73 63.6500 -46.2500 37.2500
NG107LT74 65.7125 -40.2500 30.0625
NG107LT75 67.0625 -34.8333 21.9792
NG107LT91 49.9375 -50.1667 58.5208
NG107LT92 56.9375 -46.6667 53.0208
NG107LT93 61.5000 -39.4167 46.8333
NG107LT94 65.1667 -33.3333 37.7500
NG107LT95 66.6667 -28.0833 27.5000
NG107LT96 65.7500 -22.0000 19.7500
NG109RG45 57.9167 -49.5000 45.8333
NG109RG46 57.0833 -45.4167 54.7500
NG109RG47 54.5152 -40.3030 61.2955
NG109RG412 63.0357 -42.1190 25.6190
NG109RG413 63.0357 -36.7857 36.2857
NG109RG414 59.5000 -31.1250 45.5000
