GD002Rh1 2.0000 0.0000 39.0000
GD002Rh2 6.0000 0.0000 39.0000
GD002Rh3 10.0000 0.0000 39.0000
GD007Rf1 3.0000 -13.0000 39.0000
GD007Rf2 7.0000 -14.0000 39.0000
GD018Lh_01 -8.0000 21.0000 24.0000
GD018Lb_01 -4.0000 2.0000 39.0000
GD018Lb_02 -7.5000 2.0000 37.0000
GD019Lg_1 -3.0000 20.0000 14.0000
GD019Lg_2 -7.0000 20.0000 13.0000
GD019Lb_1 -3.0000 -24.0000 33.0000
GD020Rh1 3.0000 -2.0000 33.0000
GD029Rh1 8.0000 11.0000 25.0000
GD029Ri1 6.0000 -18.0000 31.0000
GD047Lg_01 -6.0000 9.0000 32.0000
GD047Lg_02 -10.0000 8.0000 32.0000
MD050LCm1 -11.0000 6.0000 39.0000
MD050RCm1 8.0000 8.0000 35.0000
MD050RCm2 11.0000 9.0000 37.0000
MD052LSMAp1 -9.0000 -7.0000 35.5000
MD052LSMAp2 -9.0000 -8.0000 38.0000
MD053RCp1 10.0000 20.0000 30.5000
MM056LCm1 -6.0000 8.0000 27.0000
MM056LCm2 -11.0000 9.0000 30.0000
MM058LCs1 -7.0000 8.0000 33.0000
MM058LCs2 -12.0000 9.0000 34.0000
MM058RCs1 9.0000 11.0000 33.0000
MM058RCs2 13.0000 12.0000 33.0000
MD060LSMAp1 -6.0000 10.5000 37.0000
MM063RCa1 0.0000 21.0000 28.0000
MM063RCa2 5.0000 22.0000 27.0000
MM063RCa3 10.0000 23.0000 27.0000
MM063RCa4 15.0000 24.0000 26.0000
MM066LSMA1 -9.0000 8.0000 40.0000
MD069LCm1 -9.0000 22.0000 25.0000
MD069LCm2 -12.0000 20.0000 28.0000
MD074RCm1 5.0000 2.0000 42.0000
NA094RI41 5.5200 23.3200 34.2400
NA094RI61 4.5467 13.9402 41.7696
NA106RF81 14.8651 20.2222 30.3413
