GD003Lf_6 -43.5000 -53.0000 -11.0000
GD003Lf_10 -59.0000 -54.0000 -11.0000
GD017Rf7 49.0000 -42.0000 -21.0000
GD017Rf8 55.0000 -41.0000 -21.0000
GD017Rf9 59.0000 -41.0000 -21.0000
GD017Rf10 63.0000 -39.0000 -21.0000
GD017Rf11 68.0000 -40.0000 -22.0000
GD030Re7 48.0000 -17.0000 -26.0000
GD030Rf8 52.0000 -44.5000 -14.5000
GD030Rf9 55.0000 -44.0000 -14.0000
GD030Rf10 59.0000 -44.0000 -14.0000
GD030Rf11 63.0000 -44.0000 -14.0000
GD040Re05 47.0000 -22.0000 -25.0000
GD041Lf_7 -49.0000 -57.0000 -17.0000
GD041Lf_8 -53.0000 -58.0000 -18.0000
MD069RH6 55.0000 -15.0000 -26.0000
MD069RH7 61.0000 -16.0000 -26.0000
MM070LL5 -40.0000 -62.0000 0.0000
MD081LFus4 -49.0000 -46.0000 -16.0000
MD081LFus5 -52.0000 -47.0000 -17.0000
MD081LFus6 -56.0000 -47.5000 -16.0000
MD081LFus7 -59.0000 -48.0000 -16.0000
MD088LHa6 -46.0000 -20.0000 -22.0000
MD088LHa7 -50.0000 -21.0000 -21.0000
MD088LHa8 -54.0000 -20.0000 -22.0000
MD088LHa9 -59.0000 -21.0000 -22.0000
MD088LHp7 -48.0000 -45.0000 -10.0000
MD088LHp8 -51.0000 -46.0000 -9.0000
MD088LHp9 -55.0000 -47.0000 -10.0000
MD088LHp10 -59.0000 -48.0000 -9.0000
MD088LHp11 -64.0000 -49.0000 -10.0000
MD089RHp8 43.0000 -58.0000 -3.0000
NG100RT24 46.5385 -18.2862 -36.4308
NG100RT43 45.4792 -28.1017 -32.0917
NG100RT44 54.0000 -30.5165 -32.6913
NG100RT45 64.0227 -29.6611 -29.3231
NG100RT64 64.5250 -60.9298 -10.3560
NG106RT41 55.7500 -59.3857 -14.2286
NG107LT54 59.5000 -33.7500 -19.5000
NG109LT54 47.2000 -54.9500 -14.2500
NG109LT55 54.4143 -44.9143 -12.7857
