GD013Lp_6 -27.0000 -49.0000 53.0000
GD020Rp12 46.0000 -40.0000 52.0000
GD023Rz16 35.0000 -43.0000 55.0000
GD026Ln_8 -34.0000 -41.0000 54.0000
GD026Ln_9 -38.0000 -42.0000 53.0000
GD026Ln_10 -41.0000 -43.0000 53.0000
GD026Ln_11 -44.0000 -42.0000 53.0000
GD026Lj_9 -33.0000 -45.0000 39.0000
GD026Lj_10 -36.0000 -45.0000 38.0000
GD046Lc_06 -43.0000 -32.0000 -3.0000
GD046Lc_07 -46.0000 -32.0000 -1.0000
GD046Lc_08 -50.0000 -32.0000 2.5000
GD046Ld_01 -29.0000 -47.0000 -15.0000
GD046Ld_02 -33.0000 -47.0000 -15.0000
GD046Ld_03 -37.0000 -47.0000 -14.0000
GD047Ld_01 -24.5000 -59.0000 45.0000
GD047Ld_02 -24.0000 -63.0000 47.0000
GD047Ld_03 -23.0000 -66.0000 48.0000
GD047Ld_04 -23.0000 -69.0000 49.0000
GD047Ld_05 -23.0000 -74.0000 52.0000
GD048Ly_17 -32.0000 -37.0000 46.0000
GD048Lx_6 -23.0000 -62.0000 35.0000
GD048Lx_7 -27.0000 -63.0000 35.0000
GD048Lx_8 -31.0000 -62.5000 34.5000
MD055RPs8 26.0000 -50.0000 60.0000
MM059LPC4 -24.0000 -51.0000 47.0000
MM059LPC5 -28.0000 -52.0000 49.0000
MM059LPC6 -33.0000 -52.0000 48.0000
MM059LOs5 -27.0000 -70.0000 31.0000
MD061RCAg6 26.0000 -62.0000 46.0000
MD061RCAg7 29.0000 -62.0000 47.0000
MD061RCAg8 33.0000 -62.0000 49.0000
MD064RCp7 32.0000 -41.0000 41.0000
MD064RCp8 35.0000 -40.0000 42.0000
MM076LCp4 -32.0000 -43.0000 47.0000
MM076LCp5 -38.0000 -43.0000 48.0000
MM083RPC3 13.0000 -51.0000 58.0000
MM083RPC4 17.0000 -54.0000 60.0000
MM083RPC5 23.0000 -56.0000 62.0000
MM083RPC6 28.0000 -58.0000 63.0000
MM083RPC7 33.0000 -60.5000 65.0000
MM083RCp5 33.0000 -40.0000 40.0000
MM083RCp6 38.0000 -41.0000 42.0000
NG093RF141 28.4792 -53.6971 75.9167
NG093RF142 27.2333 -40.8513 76.8167
NA096LU15 23.0000 -38.9750 35.4500
NA096LU16 21.0000 -47.0000 43.0000
NA096LU17 18.8333 -55.0625 50.5000
NA096LU18 16.6026 -63.0240 58.0000
NA096LU19 15.0609 -70.9615 65.5000
NG097LP12 24.9524 -42.9524 42.1190
NA106RP43 14.1607 -53.9643 63.5089
NG108LG154 22.2500 -79.5000 57.2500
