GD036LS_11 -48.0000 -81.0000 14.0000
GD036LS_12 -53.0000 -81.0000 14.0000
GD044Lv_8 -27.0000 -68.0000 15.0000
GD044Lv_9 -31.0000 -69.0000 15.0000
MM083ROs4 28.0000 -76.0000 25.0000
MM085LPCu4 -21.5000 -91.0000 18.0000
MM085LPCu5 -28.0000 -91.0000 18.0000
MM087LOs2 -19.0000 -89.0000 6.0000
MM087LOs3 -25.0000 -90.0000 7.0000
MM087LOs4 -30.0000 -91.0000 9.0000
NA096LH17 37.2571 -68.1095 18.2810
NA096LH18 38.2571 -77.5143 25.2571
NA096LH19 39.7115 -86.4231 32.0385
NG099RT61 36.2143 -88.6412 20.0860
NG099RT62 44.5238 -80.3853 22.1158
NG099RT63 51.6280 -71.5804 21.4643
NG101RP22 33.0476 -85.4643 19.3810
NG101RP23 37.5333 -79.3500 24.4667
NG108LG145 37.0000 -81.0000 42.5000
NG108LG146 36.3611 -72.6111 53.0972
NG108LG153 21.2500 -86.7500 47.5000
