GD007Rb1 2.0000 -20.0000 58.0000
GD007Rb2 5.0000 -20.0000 58.0000
GD007Rb3 10.0000 -20.0000 59.0000
GD008Lp_1 -3.0000 -16.0000 67.0000
GD009Rj01 5.0000 -18.0000 59.0000
GD009Rj02 8.0000 -18.0000 58.0000
GD016Rj1 4.0000 -23.0000 58.0000
GD018Ln_01 -7.0000 -17.0000 56.0000
GD019Lb_2 -6.5000 -24.0000 33.0000
GD026Lm_1 -7.0000 -25.0000 69.0000
GD029Rn1 3.0000 -17.0000 58.0000
GD047Ln_01 -6.0000 -32.0000 50.0000
GD047Ln_02 -10.0000 -31.0000 50.0000
NA098RP42 3.0000 -13.5000 58.0000
NA098RP43 3.5000 -16.5000 69.0000
NA098RP61 2.0000 -25.7500 52.5000
NA098RP62 2.0000 -26.2500 61.2500
NA098RP63 4.0000 -26.7500 71.2500
