GD007Rt2 46.0000 -28.0000 3.0000
GD007Rt5 59.0000 -29.0000 4.0000
GD007Rt6 63.0000 -28.0000 3.0000
GD013Lu_8 -59.0000 -9.0000 -2.0000
GD017Lt_7 -60.0000 -5.0000 -1.0000
GD018Lt_04 -54.0000 4.5000 -8.5000
GD018Lt_05 -57.0000 6.0000 -8.0000
GD018Lt_06 -60.0000 6.5000 -7.0000
GD024Lu_3 -48.0000 -29.0000 3.0000
GD024Lu_4 -52.0000 -29.0000 4.0000
GD024Lu_5 -57.0000 -29.0000 5.0000
GD024Lu_6 -60.0000 -30.0000 5.0000
GD024Lu_7 -65.0000 -30.0000 4.0000
GD029Rd10 61.0000 -36.0000 12.0000
GD030Rd7 64.0000 -42.0000 7.0000
GD030Rd8 68.0000 -41.0000 8.0000
GD030Rt4 56.0000 -5.0000 -10.0000
GD030Rt5 60.0000 -5.0000 -9.0000
GD030Rt6 65.0000 -5.0000 -9.0000
GD030Ru7 62.0000 -21.0000 2.0000
GD030Ru8 65.0000 -21.0000 2.0000
GD030Ru9 69.0000 -22.0000 2.0000
GD034Lu_4 -53.0000 -30.0000 7.0000
GD034Lu_5 -58.0000 -30.0000 7.0000
GD034Lu_6 -62.0000 -30.0000 6.0000
GD036LU_6 -57.0000 -25.0000 5.0000
GD036LU_7 -61.0000 -27.0000 5.0000
GD036LU_8 -64.0000 -26.0000 4.0000
GD036LU_9 -69.0000 -26.0000 4.0000
GD036LA_7 -63.0000 -40.0000 16.0000
GD036LA_8 -67.0000 -40.0000 17.0000
GD036LA_9 -72.0000 -41.0000 16.0000
GD037Ls_5 -64.0000 -33.0000 12.0000
GD040Ru07 65.0000 -11.0000 1.0000
GD040Lt_05 -57.0000 4.0000 -7.0000
GD040Lt_06 -61.0000 1.0000 -7.0000
GD041Lt_4 -53.0000 -20.0000 -8.0000
GD041Lt_5 -57.0000 -20.0000 -7.0000
GD041Lt_6 -62.0000 -20.5000 -7.0000
GD041Lu_8 -62.0000 -30.0000 6.0000
GD049Rv05 48.0000 -35.0000 10.0000
GD049Rv06 52.0000 -35.0000 10.0000
GD049Rv07 56.0000 -35.0000 10.0000
GD049Rv08 61.0000 -35.0000 10.0000
MD065LHp6 -48.0000 -37.0000 5.0000
MD065LHp7 -51.0000 -37.0000 6.0000
MM082LA5 -44.0000 -3.0000 -24.0000
MD084LIp2 -50.0000 -36.0000 9.0000
MD084LIp3 -54.0000 -36.0000 9.0000
MD084LIp4 -58.0000 -36.0000 9.0000
MD084LIp5 -61.0000 -35.0000 10.0000
MD084LIp6 -66.0000 -34.0000 9.0000
MD084LIp7 -70.0000 -34.0000 9.0000
MD084RIp4 58.0000 -39.0000 15.0000
MD084RIp5 62.0000 -38.0000 14.0000
MD084RIp6 64.0000 -38.0000 14.0000
MD084RIp7 68.0000 -37.0000 13.0000
MM085LI5 -65.0000 -18.0000 1.0000
MM085LI6 -70.0000 -17.0000 2.0000
MM085LHp2 -41.0000 -38.0000 1.0000
MM085LHp3 -46.0000 -37.0000 2.0000
MM085LHp4 -50.0000 -36.0000 3.0000
MM085LHp5 -56.5000 -36.0000 5.0000
MM085LHp6 -61.0000 -35.0000 5.0000
MM085LHp7 -66.5000 -35.0000 6.0000
MD089LA7 -44.0000 -2.0000 -26.0000
MD089LA8 -48.0000 -1.0000 -27.0000
MM090RT15 74.0000 -40.0000 3.0000
NG093RF121 69.4231 -23.1154 3.9615
NG098RG26 67.4722 -32.7222 19.3056
NG098RG27 68.5000 -44.5000 19.0000
NG100RT68 70.5000 -19.7363 1.2839
NG103LT14 52.3857 0.5857 -17.9857
NG103LT15 53.8500 -1.9500 -8.2000
NG107LT76 66.5000 -28.6667 12.8333
NG107LT77 66.0500 -22.4333 4.6667
NG108LG520 64.3286 -33.2500 2.5857
NG109RG215 65.3810 -33.5476 6.5357
NG109RG411 59.5833 -46.6667 13.0833
