GD007Ry2 41.0000 -6.0000 -10.0000
GD007Ry3 41.0000 -8.0000 -6.0000
GD007Ry4 41.0000 -9.0000 -2.0000
GD007Ry5 40.0000 -9.0000 2.0000
GD007Ry6 41.0000 -12.0000 7.0000
GD013Lu_2 -36.0000 -6.0000 -3.0000
GD013Lu_3 -40.0000 -6.0000 -3.0000
GD017Lt_1 -37.0000 -2.0000 -4.0000
GD017Lt_2 -40.0000 -2.0000 -4.0000
GD017Lt_3 -43.0000 -2.0000 -4.0000
GD029Ly_1 -39.0000 -1.0000 -13.0000
GD029Ly_2 -39.0000 -4.0000 -10.0000
GD029Ly_3 -38.0000 -6.0000 -8.0000
GD029Ly_4 -39.0000 -8.0000 -5.0000
GD029Ly_5 -38.0000 -10.0000 -2.0000
GD029Ly_6 -37.0000 -14.0000 1.0000
GD029Ly_10 -35.0000 -23.0000 15.0000
GD030Ry7 39.0000 -13.0000 2.0000
GD030Ry8 38.0000 -14.0000 6.0000
GD030Ry9 38.0000 -17.0000 10.0000
GD041Ry1 37.0000 -9.0000 -11.0000
GD041Ry2 35.0000 -9.0000 -6.0000
GD041Ry6 34.0000 -15.0000 7.0000
GD041Ry7 34.0000 -18.0000 13.0000
GD041Lr_1 -35.0000 -16.0000 16.0000
MM056RIi2 40.0000 -6.0000 -7.0000
MM078LIp1 -31.5000 -18.0000 11.0000
MM078LIp2 -32.0000 -22.0000 15.0000
NA093RU22 39.0200 -10.4800 -7.7200
NA098RU22 38.5000 -9.2500 9.4167
NA098RU42 38.5000 -11.0000 11.0000
NA106LU11 36.6000 -7.0714 4.0143
NA106LU12 33.7222 -12.2937 13.6587
NA106LU13 30.5000 -17.7778 24.1667
NA106RU23 35.6429 -13.0714 17.4286
