GD001Lv_1 -34.0000 -33.0000 8.0000
GD001Lv_2 -38.0000 -33.0000 10.0000
GD001Lv_3 -41.0000 -33.0000 9.0000
GD001Lv_4 -44.0000 -33.5000 8.5000
GD001Lv_5 -47.0000 -34.0000 10.0000
GD001Lv_6 -51.0000 -34.0000 10.0000
GD024Lt_4 -57.0000 -12.0000 0.0000
GD029Rd3 36.0000 -35.5000 10.0000
GD029Rd4 39.0000 -36.0000 10.0000
GD029Rd5 42.0000 -36.0000 10.0000
GD029Rd6 46.0000 -35.0000 10.0000
GD029Rd7 49.0000 -37.0000 9.5000
GD029Rd8 53.0000 -37.0000 12.0000
GD029Rd9 57.0000 -37.0000 12.0000
GD029Lu_6 -59.0000 -22.0000 5.0000
GD034Lu_1 -42.0000 -30.0000 6.0000
GD034Lu_2 -46.0000 -30.0000 6.0000
GD034Lu_3 -49.0000 -30.0000 7.0000
GD036LA_1 -37.0000 -40.0000 16.0000
GD036LA_2 -41.0000 -39.0000 16.0000
GD036LA_6 -59.0000 -40.0000 16.0000
GD037Ls_3 -54.0000 -32.0000 12.0000
GD037Ls_4 -59.0000 -33.0000 12.0000
GD040Ru06 61.0000 -11.0000 2.0000
GD040Lu_06 -64.0000 -15.0000 2.0000
GD041Lu_4 -47.0000 -30.0000 5.0000
GD041Lu_5 -50.0000 -30.0000 7.0000
GD041Lu_6 -54.0000 -30.0000 7.0000
GD041Lu_7 -58.0000 -31.0000 7.0000
GD044Lu_3 -45.0000 -31.0000 -3.0000
GD044Lu_7 -60.0000 -31.0000 3.0000
GD048Lu_5 -53.0000 -23.0000 6.0000
GD048Lu_6 -58.0000 -24.0000 6.0000
GD048Lu_7 -63.0000 -24.0000 6.0000
MD079RIP2 40.0000 -38.0000 16.0000
MD079RIP3 44.0000 -37.0000 16.0000
MD079RIP4 49.0000 -35.0000 17.0000
MD079RIP5 52.0000 -35.0000 16.0000
MD079RIP6 58.0000 -34.0000 16.0000
MD084RIp1 46.0000 -38.0000 15.0000
MM085LI3 -54.0000 -20.0000 2.0000
MM085LI4 -59.5000 -19.0000 2.0000
NG109RG223 63.6190 -28.9524 16.9643
