GD019Lj_1 -5.0000 -37.0000 31.0000
GD019Lj_2 -9.0000 -37.0000 31.0000
GD019Lj_3 -13.0000 -38.0000 31.0000
GD025Lv_1 -1.0000 -47.0000 24.0000
GD025Lv_2 -5.0000 -48.0000 24.0000
GD025Lv_3 -9.0000 -48.0000 22.0000
GD029Rv1 8.0000 -35.0000 24.0000
GD030Rv1 6.0000 -43.0000 27.0000
GD030Rv2 10.0000 -44.0000 28.0000
GD030Rv3 16.0000 -44.0000 28.0000
GD031Lv_1 -9.0000 -47.0000 20.0000
GD036LV_1 -3.0000 -43.0000 30.0000
GD036LV_2 -7.0000 -42.0000 30.0000
GD047Li_01 -2.0000 -37.0000 28.0000
GD047Li_02 -6.0000 -37.0000 29.0000
GD048Lv_1 -5.0000 -39.0000 27.0000
GD048Lv_2 -8.0000 -39.0000 28.0000
GD048Lv_3 -12.0000 -37.0000 27.0000
MM054LCp1 -5.5000 -50.0000 17.0000
MM059LCi1 -10.0000 -48.0000 25.0000
MM063RCp1 11.0000 -42.0000 32.0000
MM063RCp2 17.0000 -44.0000 32.0000
MD064RCp1 8.0000 -42.0000 36.0000
MD081LCp1 -11.0000 -42.0000 23.0000
MM083RCp1 11.0000 -37.0000 39.0000
MM083RCp2 16.0000 -37.0000 40.5000
MM083RCp3 22.0000 -38.0000 40.0000
MM085LCp1 -12.0000 -47.0000 28.0000
MM085LCp2 -18.0000 -47.0000 29.0000
